Zeit,Kanal A,Kanal B
(ms),(V),(A)

-0.02190700,-8.22473800,-0.85299230
-0.00142700,-8.22473800,-0.85299230
0.01905300,0.73244420,-0.85299230
0.03953300,0.73244420,-0.80797760
0.06001300,5.21866500,-0.76311530
0.08049300,5.21866500,-0.76311530
0.10097300,9.68962700,-0.76311530
0.12145300,9.68962700,-0.71810050
0.14193300,9.68962700,-0.71810050
0.16241300,14.17585000,-0.67308570
0.18289300,18.64681000,-0.67308570
0.20337300,18.64681000,-0.67308570
0.22385300,18.64681000,-0.62807090
0.24433300,23.11777000,-0.58320870
0.26481300,27.60399000,-0.58320870
0.28529300,27.60399000,-0.58320870
0.30577300,27.60399000,-0.53819390
0.32625300,27.60399000,-0.53819390
0.34673300,32.07495000,-0.53819390
0.36721300,36.56117000,-0.49317910
0.38769300,36.56117000,-0.49317910
0.40817300,36.56117000,-0.44816430
0.42865300,41.04739000,-0.44816430
0.44913300,45.51836000,-0.40330210
0.46961300,45.51836000,-0.40330210
0.49009300,45.51836000,-0.35828730
0.51057300,50.00458000,-0.35828730
0.53105300,54.47554000,-0.31327250
0.55153300,54.47554000,-0.31327250
0.57201300,54.47554000,-0.31327250
0.59249300,58.96176000,-0.26825770
0.61297300,58.96176000,-0.22339550
0.63345300,63.44798000,-0.22339550
0.65393300,63.44798000,-0.22339550
0.67441300,63.44798000,-0.17838070
0.69489299,63.44798000,-0.17838070
0.71537299,67.91895000,-0.13336590
0.73585299,72.40517000,-0.13336590
0.75633299,72.40517000,-0.13336590
0.77681299,72.40517000,-0.08835109
0.79729299,76.87613000,-0.04348888
0.81777299,81.36235000,-0.04348888
0.83825299,81.36235000,-0.04348888
0.85873299,81.36235000,0.00137333
0.87921299,81.36235000,0.00137333
0.89969299,81.36235000,0.00137333
0.92017299,85.84857000,0.04638813
0.94065299,90.31953000,0.04638813
0.96113299,90.31953000,0.09140294
0.98161299,90.31953000,0.13641770
1.00209299,94.80575000,0.18127990
1.02257299,94.80575000,0.18127990
1.04305299,99.27671000,0.18127990
1.06353299,99.27671000,0.22629480
1.08401299,99.27671000,0.22629480
1.10449299,103.76290000,0.27130960
1.12497299,103.76290000,0.27130960
1.14545299,108.24920000,0.31632440
1.16593299,108.24920000,0.31632440
1.18641299,108.24920000,0.31632440
1.20689299,108.24920000,0.36118660
1.22737299,112.72010000,0.36118660
1.24785299,117.20630000,0.36118660
1.26833299,117.20630000,0.40620140
1.28881299,117.20630000,0.40620140
1.30929299,117.20630000,0.40620140
1.32977299,117.20630000,0.45121620
1.35025299,121.69260000,0.49623100
1.37073299,126.16350000,0.49623100
1.39121299,126.16350000,0.49623100
1.41169299,130.64970000,0.54109320
1.43217299,126.16350000,0.54109320
1.45265299,130.64970000,0.58610800
1.47313299,130.64970000,0.58610800
1.49361299,135.12070000,0.58610800
1.51409299,135.12070000,0.63112270
1.53457299,139.60690000,0.63112270
1.55505299,139.60690000,0.67613760
1.57553299,144.09310000,0.72099980
1.59601299,144.09310000,0.72099980
1.61649299,144.09310000,0.72099980
1.63697299,148.56410000,0.76601460
1.65745299,148.56410000,0.76601460
1.67793299,153.05030000,0.76601460
1.69841299,153.05030000,0.81102940
1.71889299,153.05030000,0.81102940
1.73937299,153.05030000,0.85604420
1.75985299,153.05030000,0.85604420
1.78033299,162.00750000,0.90090640
1.80081299,162.00750000,0.90090640
1.82129299,162.00750000,0.90090640
1.84177299,166.49370000,0.94592120
1.86225299,166.49370000,0.94592120
1.88273299,166.49370000,0.99093600
1.90321299,170.96470000,0.99093600
1.92369299,170.96470000,0.99093600
1.94417299,170.96470000,1.03595100
1.96465299,175.45090000,1.08081300
1.98513299,179.92190000,1.08081300
2.00561299,179.92190000,1.08081300
2.02609299,179.92190000,1.08081300
2.04657299,179.92190000,1.12582800
2.06705299,184.40810000,1.12582800
2.08753299,184.40810000,1.17084300
2.10801299,188.89430000,1.17084300
2.12849299,188.89430000,1.17084300
2.14897299,188.89430000,1.21585700
2.16945299,193.36530000,1.21585700
2.18993299,197.85150000,1.26072000
2.21041299,197.85150000,1.26072000
2.23089299,197.85150000,1.30573400
2.25137299,197.85150000,1.30573400
2.27185299,202.32250000,1.35074900
2.29233299,202.32250000,1.35074900
2.31281299,202.32250000,1.35074900
2.33329298,206.80870000,1.39576400
2.35377298,206.80870000,1.39576400
2.37425298,211.29490000,1.44062600
2.39473298,211.29490000,1.44062600
2.41521298,215.76590000,1.44062600
2.43569298,215.76590000,1.44062600
2.45617298,215.76590000,1.48564100
2.47665298,220.25210000,1.48564100
2.49713298,220.25210000,1.53065600
2.51761298,224.73830000,1.48564100
2.53809298,224.73830000,1.53065600
2.55857298,224.73830000,1.57567100
2.57905298,224.73830000,1.62053300
2.59953298,229.20930000,1.62053300
2.62001298,229.20930000,1.62053300
2.64049298,233.69550000,1.62053300
2.66097298,233.69550000,1.62053300
2.68145298,238.16650000,1.66554800
2.70193298,233.69550000,1.66554800
2.72241298,238.16650000,1.71056200
2.74289298,238.16650000,1.71056200
2.76337298,242.65270000,1.71056200
2.78385298,242.65270000,1.75557700
2.80433298,242.65270000,1.75557700
2.82481298,242.65270000,1.75557700
2.84529298,242.65270000,1.80043900
2.86577298,247.13890000,1.80043900
2.88625298,251.60980000,1.80043900
2.90673298,251.60980000,1.80043900
2.92721298,251.60980000,1.84545400
2.94769298,251.60980000,1.84545400
2.96817298,256.09610000,1.89046900
2.98865298,256.09610000,1.93548400
3.00913298,256.09610000,1.89046900
3.02961298,260.56700000,1.93548400
3.05009298,260.56700000,1.93548400
3.07057298,260.56700000,1.98034600
3.09105298,260.56700000,1.98034600
3.11153298,260.56700000,1.98034600
3.13201298,265.05330000,1.98034600
3.15249298,265.05330000,1.98034600
3.17297298,269.53950000,2.02536100
3.19345298,269.53950000,2.02536100
3.21393298,269.53950000,2.02536100
3.23441298,269.53950000,2.02536100
3.25489298,274.01040000,2.07037600
3.27537298,274.01040000,2.11539100
3.29585298,278.49660000,2.11539100
3.31633298,278.49660000,2.11539100
3.33681298,278.49660000,2.16025300
3.35729298,278.49660000,2.16025300
3.37777298,278.49660000,2.16025300
3.39825298,278.49660000,2.16025300
3.41873298,278.49660000,2.16025300
3.43921298,282.96760000,2.20526700
3.45969298,278.49660000,2.20526700
3.48017298,287.45390000,2.20526700
3.50065298,282.96760000,2.20526700
3.52113298,287.45390000,2.25028200
3.54161298,287.45390000,2.25028200
3.56209298,287.45390000,2.25028200
3.58257298,287.45390000,2.29529700
3.60305298,287.45390000,2.29529700
3.62353298,287.45390000,2.29529700
3.64401298,291.94010000,2.34015900
3.66449298,291.94010000,2.34015900
3.68497298,291.94010000,2.34015900
3.70545298,296.41100000,2.34015900
3.72593298,291.94010000,2.34015900
3.74641298,296.41100000,2.34015900
3.76689298,296.41100000,2.38517400
3.78737298,296.41100000,2.38517400
3.80785298,296.41100000,2.34015900
3.82833298,296.41100000,2.38517400
3.84881298,296.41100000,2.38517400
3.86929298,296.41100000,2.38517400
3.88977298,296.41100000,2.43018900
3.91025298,296.41100000,2.43018900
3.93073298,300.89720000,2.43018900
3.95121298,300.89720000,2.43018900
3.97169298,300.89720000,2.47520400
3.99217297,300.89720000,2.47520400
4.01265297,300.89720000,2.47520400
4.03313297,305.38350000,2.47520400
4.05361297,305.38350000,2.47520400
4.07409297,305.38350000,2.47520400
4.09457297,305.38350000,2.52006600
4.11505297,305.38350000,2.52006600
4.13553297,305.38350000,2.52006600
4.15601297,305.38350000,2.52006600
4.17649297,305.38350000,2.52006600
4.19697297,305.38350000,2.52006600
4.21745297,305.38350000,2.52006600
4.23793297,305.38350000,2.52006600
4.25841297,305.38350000,2.52006600
4.27889297,305.38350000,2.56508100
4.29937297,309.85440000,2.56508100
4.31985297,305.38350000,2.56508100
4.34033297,309.85440000,2.61009600
4.36081297,305.38350000,2.56508100
4.38129297,305.38350000,2.56508100
4.40177297,309.85440000,2.61009600
4.42225297,309.85440000,2.61009600
4.44273297,309.85440000,2.61009600
4.46321297,309.85440000,2.61009600
4.48369297,309.85440000,2.61009600
4.50417297,309.85440000,2.61009600
4.52465297,309.85440000,2.61009600
4.54513297,309.85440000,2.61009600
4.56561297,309.85440000,2.61009600
4.58609297,309.85440000,2.65511000
4.60657297,309.85440000,2.65511000
4.62705297,309.85440000,2.65511000
4.64753297,309.85440000,2.65511000
4.66801297,309.85440000,2.65511000
4.68849297,309.85440000,2.65511000
4.70897297,309.85440000,2.65511000
4.72945297,309.85440000,2.69997200
4.74993297,309.85440000,2.65511000
4.77041297,309.85440000,2.65511000
4.79089297,309.85440000,2.65511000
4.81137297,309.85440000,2.69997200
4.83185297,309.85440000,2.65511000
4.85233297,309.85440000,2.65511000
4.87281297,309.85440000,2.65511000
4.89329297,309.85440000,2.65511000
4.91377297,309.85440000,2.69997200
4.93425297,314.34060000,2.69997200
4.95473297,314.34060000,2.69997200
4.97521297,309.85440000,2.69997200
4.99569297,314.34060000,2.69997200
5.01617297,309.85440000,2.69997200
5.03665297,314.34060000,2.69997200
5.05713297,314.34060000,2.69997200
5.07761297,314.34060000,2.69997200
5.09809297,309.85440000,2.69997200
5.11857297,309.85440000,2.69997200
5.13905297,314.34060000,2.69997200
5.15953297,309.85440000,2.69997200
5.18001297,314.34060000,2.69997200
5.20049297,309.85440000,2.69997200
5.22097297,309.85440000,2.69997200
5.24145297,314.34060000,2.69997200
5.26193297,314.34060000,2.69997200
5.28241297,309.85440000,2.69997200
5.30289297,314.34060000,2.69997200
5.32337297,314.34060000,2.69997200
5.34385297,314.34060000,2.69997200
5.36433297,314.34060000,2.69997200
5.38481297,314.34060000,2.69997200
5.40529297,314.34060000,2.69997200
5.42577297,309.85440000,2.69997200
5.44625297,314.34060000,2.69997200
5.46673297,314.34060000,2.74498700
5.48721297,309.85440000,2.69997200
5.50769297,314.34060000,2.74498700
5.52817297,314.34060000,2.74498700
5.54865297,314.34060000,2.74498700
5.56913297,309.85440000,2.74498700
5.58961297,314.34060000,2.74498700
5.61009297,314.34060000,2.74498700
5.63057296,314.34060000,2.69997200
5.65105296,309.85440000,2.74498700
5.67153296,309.85440000,2.74498700
5.69201296,314.34060000,2.74498700
5.71249296,314.34060000,2.74498700
5.73297296,314.34060000,2.74498700
5.75345296,314.34060000,2.74498700
5.77393296,314.34060000,2.74498700
5.79441296,314.34060000,2.74498700
5.81489296,314.34060000,2.74498700
5.83537296,309.85440000,2.74498700
5.85585296,309.85440000,2.74498700
5.87633296,314.34060000,2.74498700
5.89681296,309.85440000,2.79000200
5.91729296,314.34060000,2.74498700
5.93777296,309.85440000,2.74498700
5.95825296,309.85440000,2.74498700
5.97873296,309.85440000,2.74498700
5.99921296,309.85440000,2.79000200
6.01969296,305.38350000,2.74498700
6.04017296,309.85440000,2.74498700
6.06065296,309.85440000,2.79000200
6.08113296,309.85440000,2.79000200
6.10161296,309.85440000,2.79000200
6.12209296,305.38350000,2.79000200
6.14257296,305.38350000,2.79000200
6.16305296,305.38350000,2.79000200
6.18353296,305.38350000,2.79000200
6.20401296,305.38350000,2.79000200
6.22449296,305.38350000,2.79000200
6.24497296,305.38350000,2.79000200
6.26545296,300.89720000,2.79000200
6.28593296,300.89720000,2.74498700
6.30641296,300.89720000,2.74498700
6.32689296,300.89720000,2.74498700
6.34737296,296.41100000,2.79000200
6.36785296,296.41100000,2.79000200
6.38833296,296.41100000,2.74498700
6.40881296,296.41100000,2.79000200
6.42929296,296.41100000,2.74498700
6.44977296,291.94010000,2.79000200
6.47025296,291.94010000,2.74498700
6.49073296,287.45390000,2.74498700
6.51121296,287.45390000,2.74498700
6.53169296,287.45390000,2.74498700
6.55217296,287.45390000,2.74498700
6.57265296,287.45390000,2.74498700
6.59313296,282.96760000,2.69997200
6.61361296,282.96760000,2.74498700
6.63409296,278.49660000,2.69997200
6.65457296,278.49660000,2.69997200
6.67505296,278.49660000,2.69997200
6.69553296,274.01040000,2.69997200
6.71601296,274.01040000,2.69997200
6.73649296,269.53950000,2.69997200
6.75697296,269.53950000,2.69997200
6.77745296,269.53950000,2.69997200
6.79793296,269.53950000,2.69997200
6.81841296,269.53950000,2.65511000
6.83889296,265.05330000,2.65511000
6.85937296,260.56700000,2.65511000
6.87985296,260.56700000,2.65511000
6.90033296,260.56700000,2.65511000
6.92081296,260.56700000,2.65511000
6.94129296,256.09610000,2.61009600
6.96177296,256.09610000,2.61009600
6.98225296,256.09610000,2.61009600
7.00273296,256.09610000,2.61009600
7.02321296,251.60980000,2.56508100
7.04369296,251.60980000,2.56508100
7.06417296,251.60980000,2.56508100
7.08465296,251.60980000,2.56508100
7.10513296,251.60980000,2.56508100
7.12561296,242.65270000,2.52006600
7.14609296,242.65270000,2.52006600
7.16657296,242.65270000,2.52006600
7.18705296,242.65270000,2.52006600
7.20753296,242.65270000,2.52006600
7.22801296,242.65270000,2.52006600
7.24849296,242.65270000,2.47520400
7.26897295,238.16650000,2.47520400
7.28945295,238.16650000,2.47520400
7.30993295,238.16650000,2.47520400
7.33041295,233.69550000,2.47520400
7.35089295,233.69550000,2.47520400
7.37137295,233.69550000,2.43018900
7.39185295,233.69550000,2.43018900
7.41233295,233.69550000,2.43018900
7.43281295,229.20930000,2.43018900
7.45329295,224.73830000,2.38517400
7.47377295,224.73830000,2.38517400
7.49425295,224.73830000,2.38517400
7.51473295,224.73830000,2.38517400
7.53521295,224.73830000,2.38517400
7.55569295,224.73830000,2.38517400
7.57617295,220.25210000,2.34015900
7.59665295,215.76590000,2.34015900
7.61713295,215.76590000,2.34015900
7.63761295,215.76590000,2.34015900
7.65809295,215.76590000,2.34015900
7.67857295,215.76590000,2.34015900
7.69905295,206.80870000,2.34015900
7.71953295,211.29490000,2.29529700
7.74001295,206.80870000,2.34015900
7.76049295,206.80870000,2.29529700
7.78097295,206.80870000,2.29529700
7.80145295,202.32250000,2.29529700
7.82193295,202.32250000,2.25028200
7.84241295,202.32250000,2.25028200
7.86289295,197.85150000,2.25028200
7.88337295,197.85150000,2.25028200
7.90385295,197.85150000,2.20526700
7.92433295,193.36530000,2.20526700
7.94481295,188.89430000,2.20526700
7.96529295,188.89430000,2.20526700
7.98577295,188.89430000,2.16025300
8.00625295,188.89430000,2.16025300
8.02673295,184.40810000,2.16025300
8.04721295,184.40810000,2.16025300
8.06769295,184.40810000,2.16025300
8.08817295,179.92190000,2.16025300
8.10865295,179.92190000,2.11539100
8.12913295,179.92190000,2.11539100
8.14961295,175.45090000,2.11539100
8.17009295,170.96470000,2.07037600
8.19057295,170.96470000,2.07037600
8.21105295,170.96470000,2.07037600
8.23153295,166.49370000,2.07037600
8.25201295,166.49370000,2.02536100
8.27249295,162.00750000,2.02536100
8.29297295,162.00750000,2.02536100
8.31345295,162.00750000,1.98034600
8.33393295,162.00750000,1.98034600
8.35441295,157.52130000,2.02536100
8.37489295,153.05030000,1.98034600
8.39537295,153.05030000,1.98034600
8.41585295,153.05030000,1.98034600
8.43633295,153.05030000,1.93548400
8.45681295,148.56410000,1.93548400
8.47729295,148.56410000,1.89046900
8.49777295,144.09310000,1.89046900
8.51825295,144.09310000,1.89046900
8.53873295,144.09310000,1.89046900
8.55921295,139.60690000,1.89046900
8.57969295,135.12070000,1.84545400
8.60017295,135.12070000,1.84545400
8.62065295,135.12070000,1.80043900
8.64113295,130.64970000,1.84545400
8.66161295,130.64970000,1.80043900
8.68209295,130.64970000,1.80043900
8.70257295,126.16350000,1.80043900
8.72305295,126.16350000,1.80043900
8.74353295,121.69260000,1.75557700
8.76401295,117.20630000,1.75557700
8.78449295,117.20630000,1.75557700
8.80497295,117.20630000,1.71056200
8.82545295,112.72010000,1.71056200
8.84593295,108.24920000,1.66554800
8.86641295,108.24920000,1.66554800
8.88689295,108.24920000,1.66554800
8.90737295,108.24920000,1.66554800
8.92785294,99.27671000,1.62053300
8.94833294,99.27671000,1.62053300
8.96881294,99.27671000,1.62053300
8.98929294,94.80575000,1.62053300
9.00977294,94.80575000,1.57567100
9.03025294,94.80575000,1.57567100
9.05073294,94.80575000,1.57567100
9.07121294,90.31953000,1.53065600
9.09169294,90.31953000,1.53065600
9.11217294,85.84857000,1.48564100
9.13265294,81.36235000,1.48564100
9.15313294,81.36235000,1.48564100
9.17361294,81.36235000,1.44062600
9.19409294,81.36235000,1.44062600
9.21457294,81.36235000,1.44062600
9.23505294,76.87613000,1.44062600
9.25553294,76.87613000,1.39576400
9.27601294,72.40517000,1.39576400
9.29649294,72.40517000,1.39576400
9.31697294,67.91895000,1.35074900
9.33745294,67.91895000,1.35074900
9.35793294,63.44798000,1.35074900
9.37841294,63.44798000,1.30573400
9.39889294,63.44798000,1.30573400
9.41937294,58.96176000,1.30573400
9.43985294,58.96176000,1.30573400
9.46033294,54.47554000,1.26072000
9.48081294,54.47554000,1.26072000
9.50129294,50.00458000,1.26072000
9.52177294,50.00458000,1.21585700
9.54225294,50.00458000,1.26072000
9.56273294,45.51836000,1.21585700
9.58321294,45.51836000,1.17084300
9.60369294,45.51836000,1.17084300
9.62417294,41.04739000,1.12582800
9.64465294,36.56117000,1.12582800
9.66513294,36.56117000,1.12582800
9.68561294,32.07495000,1.08081300
9.70609294,27.60399000,1.08081300
9.72657294,27.60399000,1.03595100
9.74705294,27.60399000,1.03595100
9.76753294,27.60399000,1.03595100
9.78801294,23.11777000,0.99093600
9.80849294,23.11777000,0.99093600
9.82897294,18.64681000,0.94592120
9.84945294,14.17585000,0.94592120
9.86993294,14.17585000,0.94592120
9.89041294,9.68962700,0.90090640
9.91089294,9.68962700,0.90090640
9.93137294,9.68962700,0.90090640
9.95185294,5.21866500,0.85604420
9.97233294,5.21866500,0.85604420
9.99281294,0.73244420,0.85604420
10.01329294,0.73244420,0.81102940
10.03377294,-3.75377700,0.81102940
10.05425294,-8.22473800,0.76601460
10.07473294,-8.22473800,0.76601460
10.09521294,-8.22473800,0.72099980
10.11569294,-12.71096000,0.72099980
10.13617294,-12.71096000,0.72099980
10.15665294,-17.18192000,0.67613760
10.17713294,-17.18192000,0.67613760
10.19761294,-21.66814000,0.63112270
10.21809294,-26.15436000,0.63112270
10.23857294,-26.15436000,0.58610800
10.25905294,-26.15436000,0.58610800
10.27953294,-30.62533000,0.54109320
10.30001294,-35.11155000,0.54109320
10.32049294,-35.11155000,0.49623100
10.34097294,-35.11155000,0.54109320
10.36145294,-35.11155000,0.49623100
10.38193294,-39.58250000,0.49623100
10.40241294,-44.06873000,0.40620140
10.42289294,-44.06873000,0.40620140
10.44337294,-48.55495000,0.40620140
10.46385294,-48.55495000,0.36118660
10.48433294,-48.55495000,0.36118660
10.50481294,-53.02591000,0.31632440
10.52529294,-53.02591000,0.31632440
10.54577294,-53.02591000,0.31632440
10.56625293,-57.51213000,0.27130960
10.58673293,-61.98309000,0.27130960
10.60721293,-61.98309000,0.22629480
10.62769293,-61.98309000,0.22629480
10.64817293,-66.46931000,0.18127990
10.66865293,-66.46931000,0.18127990
10.68913293,-70.95554000,0.18127990
10.70961293,-70.95554000,0.13641770
10.73009293,-70.95554000,0.09140294
10.75057293,-75.42650000,0.09140294
10.77105293,-79.91272000,0.04638813
10.79153293,-79.91272000,0.04638813
10.81201293,-79.91272000,0.04638813
10.83249293,-79.91272000,0.00137333
10.85297293,-84.39894000,0.00137333
10.87345293,-84.39894000,-0.04348888
10.89393293,-88.86990000,-0.04348888
10.91441293,-88.86990000,-0.08835109
10.93489293,-88.86990000,-0.08835109
10.95537293,-93.35612000,-0.13336590
10.97585293,-97.82708000,-0.13336590
10.99633293,-97.82708000,-0.17838070
11.01681293,-97.82708000,-0.17838070
11.03729293,-97.82708000,-0.17838070
11.05777293,-102.31330000,-0.17838070
11.07825293,-106.79950000,-0.22339550
11.09873293,-106.79950000,-0.26825770
11.11921293,-106.79950000,-0.26825770
11.13969293,-106.79950000,-0.26825770
11.16017293,-111.27050000,-0.31327250
11.18065293,-115.75670000,-0.35828730
11.20113293,-115.75670000,-0.35828730
11.22161293,-115.75670000,-0.40330210
11.24209293,-115.75670000,-0.40330210
11.26257293,-120.22770000,-0.40330210
11.28305293,-120.22770000,-0.44816430
11.30353293,-124.71390000,-0.44816430
11.32401293,-124.71390000,-0.49317910
11.34449293,-124.71390000,-0.49317910
11.36497293,-124.71390000,-0.53819390
11.38545293,-129.20010000,-0.53819390
11.40593293,-133.67110000,-0.53819390
11.42641293,-133.67110000,-0.53819390
11.44689293,-133.67110000,-0.62807090
11.46737293,-133.67110000,-0.58320870
11.48785293,-138.15730000,-0.62807090
11.50833293,-138.15730000,-0.62807090
11.52881293,-138.15730000,-0.67308570
11.54929293,-142.62830000,-0.67308570
11.56977293,-142.62830000,-0.67308570
11.59025293,-147.11450000,-0.71810050
11.61073293,-151.60070000,-0.71810050
11.63121293,-151.60070000,-0.76311530
11.65169293,-151.60070000,-0.76311530
11.67217293,-151.60070000,-0.76311530
11.69265293,-156.07170000,-0.80797760
11.71313293,-160.55790000,-0.80797760
11.73361293,-160.55790000,-0.85299230
11.75409293,-160.55790000,-0.85299230
11.77457293,-160.55790000,-0.89800720
11.79505293,-165.02880000,-0.89800720
11.81553293,-169.51510000,-0.89800720
11.83601293,-169.51510000,-0.94302190
11.85649293,-169.51510000,-0.94302190
11.87697293,-169.51510000,-0.98788420
11.89745293,-174.00130000,-0.98788420
11.91793293,-174.00130000,-1.03289900
11.93841293,-178.47220000,-1.03289900
11.95889293,-178.47220000,-1.03289900
11.97937293,-178.47220000,-1.07791400
11.99985293,-182.95850000,-1.07791400
12.02033293,-187.44470000,-1.12292900
12.04081293,-187.44470000,-1.12292900
12.06129293,-187.44470000,-1.16779100
12.08177293,-187.44470000,-1.12292900
12.10225293,-191.91560000,-1.16779100
12.12273293,-191.91560000,-1.21280600
12.14321293,-196.40190000,-1.21280600
12.16369293,-196.40190000,-1.21280600
12.18417293,-196.40190000,-1.25782000
12.20465292,-196.40190000,-1.25782000
12.22513292,-200.87280000,-1.25782000
12.24561292,-200.87280000,-1.30283500
12.26609292,-205.35910000,-1.34769700
12.28657292,-205.35910000,-1.34769700
12.30705292,-205.35910000,-1.34769700
12.32753292,-209.84530000,-1.39271200
12.34801292,-214.31620000,-1.39271200
12.36849292,-209.84530000,-1.43772700
12.38897292,-214.31620000,-1.43772700
12.40945292,-214.31620000,-1.43772700
12.42993292,-214.31620000,-1.43772700
12.45041292,-218.80250000,-1.48274200
12.47089292,-223.27340000,-1.48274200
12.49137292,-223.27340000,-1.52760400
12.51185292,-223.27340000,-1.52760400
12.53233292,-223.27340000,-1.57261900
12.55281292,-227.75960000,-1.57261900
12.57329292,-232.24580000,-1.57261900
12.59377292,-227.75960000,-1.61763400
12.61425292,-232.24580000,-1.61763400
12.63473292,-232.24580000,-1.61763400
12.65521292,-236.71680000,-1.66264800
12.67569292,-236.71680000,-1.66264800
12.69617292,-241.20300000,-1.70751100
12.71665292,-241.20300000,-1.70751100
12.73713292,-241.20300000,-1.75252500
12.75761292,-245.67400000,-1.75252500
12.77809292,-241.20300000,-1.79754000
12.79857292,-245.67400000,-1.79754000
12.81905292,-250.16020000,-1.79754000
12.83953292,-250.16020000,-1.79754000
12.86001292,-250.16020000,-1.79754000
12.88049292,-250.16020000,-1.84255500
12.90097292,-254.64640000,-1.84255500
12.92145292,-259.11740000,-1.88741700
12.94193292,-259.11740000,-1.88741700
12.96241292,-259.11740000,-1.88741700
12.98289292,-259.11740000,-1.93243200
13.00337292,-259.11740000,-1.93243200
13.02385292,-263.60360000,-1.97744700
13.04433292,-263.60360000,-1.97744700
13.06481292,-268.08980000,-1.97744700
13.08529292,-268.08980000,-1.97744700
13.10577292,-268.08980000,-2.02246200
13.12625292,-268.08980000,-1.97744700
13.14673292,-268.08980000,-2.06732400
13.16721292,-272.56080000,-2.06732400
13.18769292,-277.04700000,-2.06732400
13.20817292,-277.04700000,-2.11233900
13.22865292,-277.04700000,-2.11233900
13.24913292,-277.04700000,-2.11233900
13.26961292,-277.04700000,-2.11233900
13.29009292,-277.04700000,-2.15735300
13.31057292,-277.04700000,-2.15735300
13.33105292,-281.51800000,-2.15735300
13.35153292,-281.51800000,-2.15735300
13.37201292,-281.51800000,-2.15735300
13.39249292,-286.00420000,-2.20236800
13.41297292,-286.00420000,-2.20236800
13.43345292,-286.00420000,-2.24723100
13.45393292,-286.00420000,-2.24723100
13.47441292,-286.00420000,-2.24723100
13.49489292,-286.00420000,-2.24723100
13.51537292,-290.49040000,-2.29224500
13.53585292,-286.00420000,-2.29224500
13.55633292,-290.49040000,-2.29224500
13.57681292,-290.49040000,-2.29224500
13.59729292,-290.49040000,-2.33726000
13.61777292,-294.96140000,-2.29224500
13.63825292,-294.96140000,-2.33726000
13.65873292,-294.96140000,-2.33726000
13.67921292,-294.96140000,-2.33726000
13.69969292,-294.96140000,-2.38227500
13.72017292,-294.96140000,-2.33726000
13.74065292,-294.96140000,-2.38227500
13.76113292,-294.96140000,-2.38227500
13.78161292,-299.44760000,-2.38227500
13.80209292,-299.44760000,-2.42713700
13.82257292,-299.44760000,-2.38227500
13.84305292,-299.44760000,-2.42713700
13.86353291,-299.44760000,-2.42713700
13.88401291,-303.91860000,-2.42713700
13.90449291,-303.91860000,-2.42713700
13.92497291,-303.91860000,-2.47215200
13.94545291,-303.91860000,-2.47215200
13.96593291,-303.91860000,-2.47215200
13.98641291,-303.91860000,-2.47215200
14.00689291,-303.91860000,-2.47215200
14.02737291,-312.89100000,-2.51716700
14.04785291,-308.40480000,-2.51716700
14.06833291,-308.40480000,-2.51716700
14.08881291,-312.89100000,-2.51716700
14.10929291,-308.40480000,-2.51716700
14.12977291,-312.89100000,-2.51716700
14.15025291,-312.89100000,-2.56218100
14.17073291,-312.89100000,-2.51716700
14.19121291,-312.89100000,-2.56218100
14.21169291,-312.89100000,-2.56218100
14.23217291,-312.89100000,-2.56218100
14.25265291,-312.89100000,-2.56218100
14.27313291,-312.89100000,-2.56218100
14.29361291,-312.89100000,-2.56218100
14.31409291,-312.89100000,-2.56218100
14.33457291,-312.89100000,-2.56218100
14.35505291,-312.89100000,-2.56218100
14.37553291,-312.89100000,-2.60704400
14.39601291,-312.89100000,-2.60704400
14.41649291,-312.89100000,-2.60704400
14.43697291,-312.89100000,-2.60704400
14.45745291,-312.89100000,-2.60704400
14.47793291,-312.89100000,-2.60704400
14.49841291,-312.89100000,-2.60704400
14.51889291,-312.89100000,-2.60704400
14.53937291,-312.89100000,-2.60704400
14.55985291,-312.89100000,-2.60704400
14.58033291,-312.89100000,-2.65205900
14.60081291,-312.89100000,-2.65205900
14.62129291,-312.89100000,-2.65205900
14.64177291,-312.89100000,-2.65205900
14.66225291,-312.89100000,-2.65205900
14.68273291,-312.89100000,-2.65205900
14.70321291,-312.89100000,-2.69707300
14.72369291,-312.89100000,-2.69707300
14.74417291,-317.36200000,-2.69707300
14.76465291,-312.89100000,-2.69707300
14.78513291,-312.89100000,-2.69707300
14.80561291,-312.89100000,-2.69707300
14.82609291,-312.89100000,-2.69707300
14.84657291,-317.36200000,-2.69707300
14.86705291,-312.89100000,-2.69707300
14.88753291,-312.89100000,-2.69707300
14.90801291,-317.36200000,-2.69707300
14.92849291,-317.36200000,-2.69707300
14.94897291,-317.36200000,-2.69707300
14.96945291,-317.36200000,-2.69707300
14.98993291,-312.89100000,-2.69707300
15.01041291,-317.36200000,-2.69707300
15.03089291,-312.89100000,-2.69707300
15.05137291,-317.36200000,-2.74208800
15.07185291,-317.36200000,-2.69707300
15.09233291,-317.36200000,-2.69707300
15.11281291,-312.89100000,-2.74208800
15.13329291,-317.36200000,-2.74208800
15.15377291,-317.36200000,-2.69707300
15.17425291,-317.36200000,-2.74208800
15.19473291,-317.36200000,-2.74208800
15.21521291,-317.36200000,-2.78695000
15.23569291,-317.36200000,-2.69707300
15.25617291,-317.36200000,-2.74208800
15.27665291,-317.36200000,-2.74208800
15.29713291,-317.36200000,-2.74208800
15.31761291,-317.36200000,-2.78695000
15.33809291,-317.36200000,-2.78695000
15.35857291,-317.36200000,-2.74208800
15.37905291,-317.36200000,-2.78695000
15.39953291,-317.36200000,-2.78695000
15.42001291,-317.36200000,-2.74208800
15.44049291,-317.36200000,-2.74208800
15.46097291,-317.36200000,-2.78695000
15.48145291,-317.36200000,-2.78695000
15.50193290,-317.36200000,-2.78695000
15.52241290,-317.36200000,-2.78695000
15.54289290,-317.36200000,-2.78695000
15.56337290,-317.36200000,-2.78695000
15.58385290,-317.36200000,-2.78695000
15.60433290,-317.36200000,-2.78695000
15.62481290,-317.36200000,-2.78695000
15.64529290,-312.89100000,-2.78695000
15.66577290,-317.36200000,-2.78695000
15.68625290,-317.36200000,-2.78695000
15.70673290,-312.89100000,-2.78695000
15.72721290,-312.89100000,-2.78695000
15.74769290,-317.36200000,-2.78695000
15.76817290,-317.36200000,-2.78695000
15.78865290,-312.89100000,-2.78695000
15.80913290,-312.89100000,-2.83196500
15.82961290,-312.89100000,-2.83196500
15.85009290,-312.89100000,-2.78695000
15.87057290,-317.36200000,-2.83196500
15.89105290,-317.36200000,-2.83196500
15.91153290,-312.89100000,-2.78695000
15.93201290,-317.36200000,-2.83196500
15.95249290,-312.89100000,-2.78695000
15.97297290,-312.89100000,-2.78695000
15.99345290,-312.89100000,-2.78695000
16.01393290,-312.89100000,-2.78695000
16.03441290,-312.89100000,-2.78695000
16.05489290,-312.89100000,-2.78695000
16.07537290,-312.89100000,-2.83196500
16.09585290,-312.89100000,-2.78695000
16.11633290,-312.89100000,-2.78695000
16.13681290,-312.89100000,-2.78695000
16.15729290,-312.89100000,-2.78695000
16.17777290,-312.89100000,-2.78695000
16.19825290,-312.89100000,-2.83196500
16.21873290,-312.89100000,-2.78695000
16.23921290,-308.40480000,-2.78695000
16.25969290,-308.40480000,-2.83196500
16.28017290,-303.91860000,-2.78695000
16.30065290,-303.91860000,-2.78695000
16.32113290,-303.91860000,-2.78695000
16.34161290,-303.91860000,-2.78695000
16.36209290,-299.44760000,-2.83196500
16.38257290,-303.91860000,-2.78695000
16.40305290,-299.44760000,-2.78695000
16.42353290,-299.44760000,-2.78695000
16.44401290,-299.44760000,-2.78695000
16.46449290,-294.96140000,-2.78695000
16.48497290,-294.96140000,-2.78695000
16.50545290,-294.96140000,-2.78695000
16.52593290,-290.49040000,-2.78695000
16.54641290,-290.49040000,-2.74208800
16.56689290,-286.00420000,-2.74208800
16.58737290,-286.00420000,-2.74208800
16.60785290,-286.00420000,-2.74208800
16.62833290,-281.51800000,-2.74208800
16.64881290,-277.04700000,-2.69707300
16.66929290,-281.51800000,-2.69707300
16.68977290,-277.04700000,-2.69707300
16.71025290,-277.04700000,-2.69707300
16.73073290,-277.04700000,-2.69707300
16.75121290,-277.04700000,-2.69707300
16.77169290,-277.04700000,-2.69707300
16.79217290,-272.56080000,-2.69707300
16.81265290,-272.56080000,-2.65205900
16.83313290,-268.08980000,-2.69707300
16.85361290,-268.08980000,-2.65205900
16.87409290,-268.08980000,-2.65205900
16.89457290,-268.08980000,-2.65205900
16.91505290,-263.60360000,-2.65205900
16.93553290,-263.60360000,-2.65205900
16.95601290,-259.11740000,-2.65205900
16.97649290,-263.60360000,-2.60704400
16.99697290,-259.11740000,-2.65205900
17.01745290,-259.11740000,-2.60704400
17.03793290,-259.11740000,-2.60704400
17.05841290,-254.64640000,-2.60704400
17.07889290,-254.64640000,-2.56218100
17.09937290,-250.16020000,-2.56218100
17.11985290,-250.16020000,-2.56218100
17.14033289,-250.16020000,-2.56218100
17.16081289,-250.16020000,-2.56218100
17.18129289,-250.16020000,-2.56218100
17.20177289,-245.67400000,-2.51716700
17.22225289,-245.67400000,-2.51716700
17.24273289,-245.67400000,-2.51716700
17.26321289,-241.20300000,-2.51716700
17.28369289,-241.20300000,-2.51716700
17.30417289,-241.20300000,-2.51716700
17.32465289,-241.20300000,-2.47215200
17.34513289,-241.20300000,-2.51716700
17.36561289,-236.71680000,-2.47215200
17.38609289,-236.71680000,-2.47215200
17.40657289,-232.24580000,-2.47215200
17.42705289,-232.24580000,-2.47215200
17.44753289,-232.24580000,-2.42713700
17.46801289,-227.75960000,-2.42713700
17.48849289,-227.75960000,-2.42713700
17.50897289,-227.75960000,-2.42713700
17.52945289,-223.27340000,-2.38227500
17.54993289,-223.27340000,-2.42713700
17.57041289,-223.27340000,-2.38227500
17.59089289,-223.27340000,-2.38227500
17.61137289,-223.27340000,-2.38227500
17.63185289,-218.80250000,-2.38227500
17.65233289,-218.80250000,-2.33726000
17.67281289,-218.80250000,-2.33726000
17.69329289,-214.31620000,-2.38227500
17.71377289,-214.31620000,-2.33726000
17.73425289,-209.84530000,-2.33726000
17.75473289,-209.84530000,-2.33726000
17.77521289,-209.84530000,-2.33726000
17.79569289,-205.35910000,-2.29224500
17.81617289,-205.35910000,-2.29224500
17.83665289,-200.87280000,-2.29224500
17.85713289,-205.35910000,-2.29224500
17.87761289,-196.40190000,-2.29224500
17.89809289,-200.87280000,-2.24723100
17.91857289,-196.40190000,-2.24723100
17.93905289,-196.40190000,-2.24723100
17.95953289,-196.40190000,-2.20236800
17.98001289,-191.91560000,-2.20236800
18.00049289,-191.91560000,-2.20236800
18.02097289,-187.44470000,-2.20236800
18.04145289,-187.44470000,-2.20236800
18.06193289,-187.44470000,-2.15735300
18.08241289,-187.44470000,-2.20236800
18.10289289,-182.95850000,-2.15735300
18.12337289,-178.47220000,-2.15735300
18.14385289,-178.47220000,-2.15735300
18.16433289,-178.47220000,-2.11233900
18.18481289,-174.00130000,-2.11233900
18.20529289,-174.00130000,-2.11233900
18.22577289,-169.51510000,-2.06732400
18.24625289,-169.51510000,-2.06732400
18.26673289,-169.51510000,-2.06732400
18.28721289,-169.51510000,-2.06732400
18.30769289,-165.02880000,-2.06732400
18.32817289,-160.55790000,-2.02246200
18.34865289,-160.55790000,-2.02246200
18.36913289,-160.55790000,-1.97744700
18.38961289,-156.07170000,-1.97744700
18.41009289,-156.07170000,-1.97744700
18.43057289,-156.07170000,-1.97744700
18.45105289,-151.60070000,-1.97744700
18.47153289,-151.60070000,-1.93243200
18.49201289,-147.11450000,-1.93243200
18.51249289,-147.11450000,-1.93243200
18.53297289,-142.62830000,-1.93243200
18.55345289,-142.62830000,-1.88741700
18.57393289,-142.62830000,-1.88741700
18.59441289,-138.15730000,-1.88741700
18.61489289,-133.67110000,-1.84255500
18.63537289,-133.67110000,-1.84255500
18.65585289,-133.67110000,-1.84255500
18.67633289,-133.67110000,-1.79754000
18.69681289,-129.20010000,-1.79754000
18.71729289,-124.71390000,-1.79754000
18.73777289,-124.71390000,-1.75252500
18.75825289,-120.22770000,-1.75252500
18.77873289,-120.22770000,-1.75252500
18.79921288,-120.22770000,-1.70751100
18.81969288,-115.75670000,-1.70751100
18.84017288,-115.75670000,-1.70751100
18.86065288,-115.75670000,-1.66264800
18.88113288,-111.27050000,-1.66264800
18.90161288,-106.79950000,-1.61763400
18.92209288,-106.79950000,-1.61763400
18.94257288,-102.31330000,-1.61763400
18.96305288,-102.31330000,-1.61763400
18.98353288,-97.82708000,-1.61763400
19.00401288,-97.82708000,-1.57261900
19.02449288,-97.82708000,-1.57261900
19.04497288,-93.35612000,-1.52760400
19.06545288,-93.35612000,-1.52760400
19.08593288,-93.35612000,-1.52760400
19.10641288,-88.86990000,-1.48274200
19.12689288,-88.86990000,-1.48274200
19.14737288,-84.39894000,-1.48274200
19.16785288,-84.39894000,-1.48274200
19.18833288,-84.39894000,-1.43772700
19.20881288,-79.91272000,-1.43772700
19.22929288,-79.91272000,-1.43772700
19.24977288,-79.91272000,-1.43772700
19.27025288,-75.42650000,-1.39271200
19.29073288,-75.42650000,-1.39271200
19.31121288,-75.42650000,-1.34769700
19.33169288,-70.95554000,-1.34769700
19.35217288,-70.95554000,-1.30283500
19.37265288,-66.46931000,-1.30283500
19.39313288,-61.98309000,-1.30283500
19.41361288,-61.98309000,-1.25782000
19.43409288,-61.98309000,-1.25782000
19.45457288,-61.98309000,-1.25782000
19.47505288,-57.51213000,-1.25782000
19.49553288,-53.02591000,-1.21280600
19.51601288,-53.02591000,-1.21280600
19.53649288,-53.02591000,-1.21280600
19.55697288,-48.55495000,-1.16779100
19.57745288,-48.55495000,-1.16779100
19.59793288,-44.06873000,-1.16779100
19.61841288,-44.06873000,-1.16779100
19.63889288,-44.06873000,-1.12292900
19.65937288,-44.06873000,-1.07791400
19.67985288,-35.11155000,-1.07791400
19.70033288,-35.11155000,-1.07791400
19.72081288,-35.11155000,-1.07791400
19.74129288,-35.11155000,-1.07791400
19.76177288,-26.15436000,-1.03289900
19.78225288,-26.15436000,-1.03289900
19.80273288,-26.15436000,-1.03289900
19.82321288,-21.66814000,-0.98788420
19.84369288,-21.66814000,-0.98788420
19.86417288,-17.18192000,-0.94302190
19.88465288,-17.18192000,-0.89800720
19.90513288,-17.18192000,-0.89800720
19.92561288,-12.71096000,-0.89800720
19.94609288,-8.22473800,-0.89800720
19.96657288,-8.22473800,-0.85299230
19.98705288,-8.22473800,-0.85299230
20.00753288,0.73244420,-0.85299230
20.02801288,0.73244420,-0.85299230
20.04849288,0.73244420,-0.80797760
20.06897288,5.21866500,-0.76311530
20.08945288,9.68962700,-0.76311530
20.10993288,9.68962700,-0.71810050
20.13041288,9.68962700,-0.71810050
20.15089288,9.68962700,-0.71810050
20.17137288,18.64681000,-0.67308570
20.19185288,18.64681000,-0.67308570
20.21233288,18.64681000,-0.62807090
20.23281288,18.64681000,-0.62807090
20.25329288,23.11777000,-0.62807090
20.27377288,27.60399000,-0.58320870
20.29425288,27.60399000,-0.53819390
20.31473288,27.60399000,-0.53819390
20.33521288,27.60399000,-0.53819390
20.35569288,32.07495000,-0.49317910
20.37617288,36.56117000,-0.49317910
20.39665288,36.56117000,-0.49317910
20.41713288,41.04739000,-0.44816430
20.43761287,41.04739000,-0.40330210
20.45809287,45.51836000,-0.40330210
20.47857287,45.51836000,-0.35828730
20.49905287,45.51836000,-0.35828730
20.51953287,54.47554000,-0.35828730
20.54001287,54.47554000,-0.31327250
20.56049287,54.47554000,-0.31327250
20.58097287,54.47554000,-0.26825770
20.60145287,58.96176000,-0.26825770
20.62193287,58.96176000,-0.22339550
20.64241287,63.44798000,-0.17838070
20.66289287,63.44798000,-0.17838070
20.68337287,63.44798000,-0.17838070
20.70385287,67.91895000,-0.13336590
20.72433287,67.91895000,-0.13336590
20.74481287,72.40517000,-0.08835109
20.76529287,72.40517000,-0.08835109
20.78577287,76.87613000,-0.04348888
20.80625287,76.87613000,-0.04348888
20.82673287,81.36235000,-0.04348888
20.84721287,81.36235000,0.00137333
20.86769287,81.36235000,0.00137333
20.88817287,81.36235000,0.00137333
20.90865287,85.84857000,0.04638813
20.92913287,90.31953000,0.09140294
20.94961287,90.31953000,0.09140294
20.97009287,94.80575000,0.13641770
20.99057287,94.80575000,0.13641770
21.01105287,94.80575000,0.18127990
21.03153287,94.80575000,0.18127990
21.05201287,99.27671000,0.18127990
21.07249287,99.27671000,0.22629480
21.09297287,99.27671000,0.22629480
21.11345287,103.76290000,0.27130960
21.13393287,103.76290000,0.27130960
21.15441287,108.24920000,0.31632440
21.17489287,108.24920000,0.31632440
21.19537287,112.72010000,0.36118660
21.21585287,112.72010000,0.36118660
21.23633287,112.72010000,0.36118660
21.25681287,117.20630000,0.40620140
21.27729287,117.20630000,0.40620140
21.29777287,117.20630000,0.45121620
21.31825287,117.20630000,0.45121620
21.33873287,121.69260000,0.49623100
21.35921287,126.16350000,0.49623100
21.37969287,126.16350000,0.54109320
21.40017287,126.16350000,0.54109320
21.42065287,126.16350000,0.58610800
21.44113287,130.64970000,0.58610800
21.46161287,135.12070000,0.58610800
21.48209287,135.12070000,0.63112270
21.50257287,135.12070000,0.63112270
21.52305287,135.12070000,0.67613760
21.54353287,135.12070000,0.67613760
21.56401287,144.09310000,0.72099980
21.58449287,144.09310000,0.72099980
21.60497287,144.09310000,0.72099980
21.62545287,144.09310000,0.72099980
21.64593287,148.56410000,0.76601460
21.66641287,148.56410000,0.76601460
21.68689287,153.05030000,0.81102940
21.70737287,153.05030000,0.81102940
21.72785287,153.05030000,0.85604420
21.74833287,153.05030000,0.85604420
21.76881287,162.00750000,0.90090640
21.78929287,162.00750000,0.90090640
21.80977287,162.00750000,0.90090640
21.83025287,162.00750000,0.90090640
21.85073287,166.49370000,0.94592120
21.87121287,166.49370000,0.94592120
21.89169287,166.49370000,0.99093600
21.91217287,170.96470000,0.99093600
21.93265287,170.96470000,1.03595100
21.95313287,175.45090000,1.03595100
21.97361287,179.92190000,1.03595100
21.99409287,179.92190000,1.08081300
22.01457287,179.92190000,1.08081300
22.03505287,179.92190000,1.12582800
22.05553287,184.40810000,1.12582800
22.07601286,188.89430000,1.12582800
22.09649286,188.89430000,1.17084300
22.11697286,188.89430000,1.17084300
22.13745286,188.89430000,1.21585700
22.15793286,193.36530000,1.21585700
22.17841286,197.85150000,1.26072000
22.19889286,197.85150000,1.26072000
22.21937286,197.85150000,1.30573400
22.23985286,197.85150000,1.26072000
22.26033286,202.32250000,1.30573400
22.28081286,202.32250000,1.30573400
22.30129286,202.32250000,1.30573400
22.32177286,206.80870000,1.39576400
22.34225286,206.80870000,1.39576400
22.36273286,206.80870000,1.39576400
22.38321286,206.80870000,1.39576400
22.40369286,215.76590000,1.44062600
22.42417286,215.76590000,1.44062600
22.44465286,215.76590000,1.44062600
22.46513286,220.25210000,1.48564100
22.48561286,220.25210000,1.48564100
22.50609286,224.73830000,1.53065600
22.52657286,224.73830000,1.53065600
22.54705286,224.73830000,1.53065600
22.56753286,224.73830000,1.57567100
22.58801286,224.73830000,1.57567100
22.60849286,229.20930000,1.62053300
22.62897286,233.69550000,1.62053300
22.64945286,233.69550000,1.62053300
22.66993286,233.69550000,1.66554800
22.69041286,233.69550000,1.66554800
22.71089286,233.69550000,1.66554800
22.73137286,238.16650000,1.71056200
22.75185286,242.65270000,1.71056200
22.77233286,238.16650000,1.71056200
22.79281286,242.65270000,1.75557700
22.81329286,242.65270000,1.75557700
22.83377286,242.65270000,1.80043900
22.85425286,247.13890000,1.80043900
22.87473286,247.13890000,1.80043900
22.89521286,251.60980000,1.84545400
22.91569286,251.60980000,1.84545400
22.93617286,251.60980000,1.84545400
22.95665286,256.09610000,1.84545400
22.97713286,256.09610000,1.89046900
22.99761286,256.09610000,1.89046900
23.01809286,256.09610000,1.93548400
23.03857286,260.56700000,1.93548400
23.05905286,260.56700000,1.93548400
23.07953286,260.56700000,1.93548400
23.10001286,265.05330000,1.98034600
23.12049286,265.05330000,1.98034600
23.14097286,269.53950000,2.02536100
23.16145286,269.53950000,2.02536100
23.18193286,269.53950000,2.02536100
23.20241286,269.53950000,2.07037600
23.22289286,269.53950000,2.07037600
23.24337286,269.53950000,2.07037600
23.26385286,274.01040000,2.07037600
23.28433286,274.01040000,2.11539100
23.30481286,278.49660000,2.11539100
23.32529286,278.49660000,2.16025300
23.34577286,278.49660000,2.16025300
23.36625286,278.49660000,2.16025300
23.38673286,278.49660000,2.20526700
23.40721286,278.49660000,2.16025300
23.42769286,282.96760000,2.20526700
23.44817286,282.96760000,2.20526700
23.46865286,282.96760000,2.20526700
23.48913286,287.45390000,2.20526700
23.50961286,282.96760000,2.25028200
23.53009286,287.45390000,2.25028200
23.55057286,287.45390000,2.25028200
23.57105286,287.45390000,2.29529700
23.59153286,291.94010000,2.29529700
23.61201286,287.45390000,2.29529700
23.63249286,287.45390000,2.29529700
23.65297286,291.94010000,2.34015900
23.67345286,291.94010000,2.34015900
23.69393286,291.94010000,2.34015900
23.71441286,291.94010000,2.34015900
23.73489285,296.41100000,2.34015900
23.75537285,291.94010000,2.38517400
23.77585285,296.41100000,2.38517400
23.79633285,296.41100000,2.38517400
23.81681285,296.41100000,2.38517400
23.83729285,296.41100000,2.43018900
23.85777285,296.41100000,2.38517400
23.87825285,296.41100000,2.43018900
23.89873285,296.41100000,2.43018900
23.91921285,296.41100000,2.43018900
23.93969285,300.89720000,2.43018900
23.96017285,300.89720000,2.47520400
23.98065285,300.89720000,2.47520400
24.00113285,300.89720000,2.47520400
24.02161285,300.89720000,2.47520400
24.04209285,305.38350000,2.47520400
24.06257285,305.38350000,2.47520400
24.08305285,305.38350000,2.47520400
24.10353285,305.38350000,2.47520400
24.12401285,305.38350000,2.52006600
24.14449285,305.38350000,2.56508100
24.16497285,305.38350000,2.52006600
24.18545285,305.38350000,2.52006600
24.20593285,305.38350000,2.52006600
24.22641285,305.38350000,2.52006600
24.24689285,305.38350000,2.56508100
24.26737285,309.85440000,2.56508100
24.28785285,305.38350000,2.56508100
24.30833285,305.38350000,2.56508100
24.32881285,309.85440000,2.56508100
24.34929285,305.38350000,2.56508100
24.36977285,309.85440000,2.56508100
24.39025285,305.38350000,2.61009600
24.41073285,305.38350000,2.56508100
24.43121285,309.85440000,2.61009600
24.45169285,309.85440000,2.61009600
24.47217285,309.85440000,2.61009600
24.49265285,305.38350000,2.61009600
24.51313285,309.85440000,2.61009600
24.53361285,309.85440000,2.61009600
24.55409285,309.85440000,2.61009600
24.57457285,309.85440000,2.61009600
24.59505285,309.85440000,2.65511000
24.61553285,309.85440000,2.65511000
24.63601285,309.85440000,2.65511000
24.65649285,309.85440000,2.61009600
24.67697285,309.85440000,2.61009600
24.69745285,309.85440000,2.65511000
24.71793285,309.85440000,2.65511000
24.73841285,309.85440000,2.65511000
24.75889285,309.85440000,2.65511000
24.77937285,309.85440000,2.65511000
24.79985285,314.34060000,2.65511000
24.82033285,309.85440000,2.65511000
24.84081285,309.85440000,2.65511000
24.86129285,314.34060000,2.65511000
24.88177285,314.34060000,2.65511000
24.90225285,309.85440000,2.65511000
24.92273285,314.34060000,2.69997200
24.94321285,314.34060000,2.69997200
24.96369285,314.34060000,2.69997200
24.98417285,314.34060000,2.69997200
25.00465285,314.34060000,2.69997200
25.02513285,314.34060000,2.69997200
25.04561285,314.34060000,2.69997200
25.06609285,314.34060000,2.69997200
25.08657285,314.34060000,2.69997200
25.10705285,314.34060000,2.69997200
25.12753285,309.85440000,2.69997200
25.14801285,314.34060000,2.69997200
25.16849285,314.34060000,2.69997200
25.18897285,309.85440000,2.69997200
25.20945285,314.34060000,2.69997200
25.22993285,314.34060000,2.69997200
25.25041285,314.34060000,2.69997200
25.27089285,314.34060000,2.69997200
25.29137285,314.34060000,2.69997200
25.31185285,314.34060000,2.69997200
25.33233285,314.34060000,2.74498700
25.35281285,309.85440000,2.69997200
25.37329284,314.34060000,2.69997200
25.39377284,314.34060000,2.69997200
25.41425284,314.34060000,2.69997200
25.43473284,314.34060000,2.69997200
25.45521284,314.34060000,2.74498700
25.47569284,314.34060000,2.74498700
25.49617284,309.85440000,2.74498700
25.51665284,314.34060000,2.74498700
25.53713284,314.34060000,2.74498700
25.55761284,314.34060000,2.74498700
25.57809284,314.34060000,2.74498700
25.59857284,314.34060000,2.74498700
25.61905284,309.85440000,2.74498700
25.63953284,314.34060000,2.74498700
25.66001284,309.85440000,2.74498700
25.68049284,309.85440000,2.74498700
25.70097284,309.85440000,2.74498700
25.72145284,309.85440000,2.74498700
25.74193284,309.85440000,2.74498700
25.76241284,314.34060000,2.79000200
25.78289284,309.85440000,2.74498700
25.80337284,309.85440000,2.74498700
25.82385284,309.85440000,2.74498700
25.84433284,309.85440000,2.74498700
25.86481284,309.85440000,2.79000200
25.88529284,314.34060000,2.79000200
25.90577284,314.34060000,2.74498700
25.92625284,309.85440000,2.79000200
25.94673284,309.85440000,2.74498700
25.96721284,309.85440000,2.79000200
25.98769284,309.85440000,2.79000200
26.00817284,309.85440000,2.79000200
26.02865284,309.85440000,2.79000200
26.04913284,309.85440000,2.79000200
26.06961284,309.85440000,2.79000200
26.09009284,309.85440000,2.79000200
26.11057284,305.38350000,2.79000200
26.13105284,305.38350000,2.79000200
26.15153284,305.38350000,2.79000200
26.17201284,305.38350000,2.74498700
26.19249284,305.38350000,2.79000200
26.21297284,305.38350000,2.79000200
26.23345284,305.38350000,2.79000200
26.25393284,305.38350000,2.79000200
26.27441284,305.38350000,2.79000200
26.29489284,300.89720000,2.79000200
26.31537284,296.41100000,2.79000200
26.33585284,300.89720000,2.79000200
26.35633284,296.41100000,2.74498700
26.37681284,296.41100000,2.79000200
26.39729284,296.41100000,2.79000200
26.41777284,296.41100000,2.74498700
26.43825284,296.41100000,2.74498700
26.45873284,291.94010000,2.74498700
26.47921284,287.45390000,2.74498700
26.49969284,291.94010000,2.74498700
26.52017284,287.45390000,2.74498700
26.54065284,287.45390000,2.74498700
26.56113284,287.45390000,2.74498700
26.58161284,282.96760000,2.74498700
26.60209284,282.96760000,2.74498700
26.62257284,278.49660000,2.69997200
26.64305284,278.49660000,2.69997200
26.66353284,278.49660000,2.69997200
26.68401284,274.01040000,2.74498700
26.70449284,278.49660000,2.69997200
26.72497284,274.01040000,2.69997200
26.74545284,269.53950000,2.69997200
26.76593284,269.53950000,2.69997200
26.78641284,269.53950000,2.65511000
26.80689284,269.53950000,2.65511000
26.82737284,265.05330000,2.65511000
26.84785284,260.56700000,2.65511000
26.86833284,260.56700000,2.65511000
26.88881284,260.56700000,2.61009600
26.90929284,260.56700000,2.61009600
26.92977284,260.56700000,2.61009600
26.95025284,260.56700000,2.61009600
26.97073284,256.09610000,2.61009600
26.99121284,256.09610000,2.61009600
27.01169284,251.60980000,2.56508100
27.03217283,251.60980000,2.56508100
27.05265283,251.60980000,2.56508100
27.07313283,251.60980000,2.56508100
27.09361283,251.60980000,2.52006600
27.11409283,247.13890000,2.52006600
27.13457283,247.13890000,2.52006600
27.15505283,242.65270000,2.52006600
27.17553283,242.65270000,2.52006600
27.19601283,242.65270000,2.47520400
27.21649283,242.65270000,2.52006600
27.23697283,242.65270000,2.47520400
27.25745283,242.65270000,2.47520400
27.27793283,238.16650000,2.47520400
27.29841283,238.16650000,2.47520400
27.31889283,238.16650000,2.47520400
27.33937283,238.16650000,2.47520400
27.35985283,233.69550000,2.43018900
27.38033283,233.69550000,2.43018900
27.40081283,233.69550000,2.43018900
27.42129283,229.20930000,2.43018900
27.44177283,224.73830000,2.43018900
27.46225283,224.73830000,2.38517400
27.48273283,224.73830000,2.38517400
27.50321283,224.73830000,2.38517400
27.52369283,224.73830000,2.38517400
27.54417283,220.25210000,2.38517400
27.56465283,220.25210000,2.38517400
27.58513283,220.25210000,2.34015900
27.60561283,220.25210000,2.34015900
27.62609283,215.76590000,2.34015900
27.64657283,215.76590000,2.34015900
27.66705283,211.29490000,2.34015900
27.68753283,211.29490000,2.34015900
27.70801283,206.80870000,2.34015900
27.72849283,206.80870000,2.29529700
27.74897283,206.80870000,2.29529700
27.76945283,206.80870000,2.29529700
27.78993283,206.80870000,2.25028200
27.81041283,202.32250000,2.29529700
27.83089283,202.32250000,2.25028200
27.85137283,197.85150000,2.25028200
27.87185283,197.85150000,2.25028200
27.89233283,197.85150000,2.20526700
27.91281283,197.85150000,2.20526700
27.93329283,193.36530000,2.20526700
27.95377283,188.89430000,2.20526700
27.97425283,188.89430000,2.20526700
27.99473283,188.89430000,2.16025300
28.01521283,188.89430000,2.16025300
28.03569283,184.40810000,2.16025300
28.05617283,179.92190000,2.16025300
28.07665283,179.92190000,2.16025300
28.09713283,179.92190000,2.16025300
28.11761283,179.92190000,2.16025300
28.13809283,179.92190000,2.11539100
28.15857283,175.45090000,2.11539100
28.17905283,170.96470000,2.07037600
28.19953283,170.96470000,2.07037600
28.22001283,170.96470000,2.07037600
28.24049283,166.49370000,2.07037600
28.26097283,166.49370000,2.02536100
28.28145283,162.00750000,2.02536100
28.30193283,162.00750000,2.02536100
28.32241283,162.00750000,2.02536100
28.34289283,157.52130000,1.98034600
28.36337283,157.52130000,1.98034600
28.38385283,153.05030000,1.98034600
28.40433283,153.05030000,1.98034600
28.42481283,153.05030000,1.93548400
28.44529283,153.05030000,1.93548400
28.46577283,148.56410000,1.93548400
28.48625283,144.09310000,1.89046900
28.50673283,144.09310000,1.89046900
28.52721283,144.09310000,1.89046900
28.54769283,139.60690000,1.89046900
28.56817283,144.09310000,1.84545400
28.58865283,135.12070000,1.84545400
28.60913283,135.12070000,1.84545400
28.62961283,135.12070000,1.84545400
28.65009283,130.64970000,1.80043900
28.67057282,126.16350000,1.80043900
28.69105282,126.16350000,1.80043900
28.71153282,121.69260000,1.80043900
28.73201282,121.69260000,1.75557700
28.75249282,117.20630000,1.75557700
28.77297282,117.20630000,1.75557700
28.79345282,117.20630000,1.75557700
28.81393282,112.72010000,1.71056200
28.83441282,112.72010000,1.71056200
28.85489282,108.24920000,1.66554800
28.87537282,108.24920000,1.66554800
28.89585282,108.24920000,1.66554800
28.91633282,103.76290000,1.66554800
28.93681282,99.27671000,1.62053300
28.95729282,99.27671000,1.62053300
28.97777282,99.27671000,1.62053300
28.99825282,94.80575000,1.62053300
29.01873282,94.80575000,1.57567100
29.03921282,90.31953000,1.53065600
29.05969282,90.31953000,1.53065600
29.08017282,90.31953000,1.53065600
29.10065282,90.31953000,1.48564100
29.12113282,90.31953000,1.48564100
29.14161282,81.36235000,1.48564100
29.16209282,81.36235000,1.48564100
29.18257282,81.36235000,1.48564100
29.20305282,81.36235000,1.44062600
29.22353282,76.87613000,1.44062600
29.24401282,76.87613000,1.44062600
29.26449282,72.40517000,1.39576400
29.28497282,72.40517000,1.39576400
29.30545282,72.40517000,1.39576400
29.32593282,67.91895000,1.35074900
29.34641282,67.91895000,1.35074900
29.36689282,63.44798000,1.30573400
29.38737282,63.44798000,1.30573400
29.40785282,58.96176000,1.30573400
29.42833282,58.96176000,1.26072000
29.44881282,58.96176000,1.26072000
29.46929282,54.47554000,1.26072000
29.48977282,54.47554000,1.21585700
29.51025282,50.00458000,1.21585700
29.53073282,45.51836000,1.21585700
29.55121282,45.51836000,1.17084300
29.57169282,45.51836000,1.12582800
29.59217282,41.04739000,1.17084300
29.61265282,41.04739000,1.12582800
29.63313282,36.56117000,1.12582800
29.65361282,36.56117000,1.12582800
29.67409282,36.56117000,1.08081300
29.69457282,32.07495000,1.08081300
29.71505282,27.60399000,1.03595100
29.73553282,27.60399000,1.03595100
29.75601282,23.11777000,1.03595100
29.77649282,23.11777000,0.99093600
29.79697282,18.64681000,0.99093600
29.81745282,18.64681000,0.94592120
29.83793282,18.64681000,0.94592120
29.85841282,18.64681000,0.90090640
29.87889282,9.68962700,0.90090640
29.89937282,9.68962700,0.90090640
29.91985282,9.68962700,0.90090640
29.94033282,5.21866500,0.85604420
29.96081282,5.21866500,0.85604420
29.98129282,0.73244420,0.85604420
30.00177282,0.73244420,0.81102940
30.02225282,0.73244420,0.81102940
30.04273282,-8.22473800,0.76601460
30.06321282,-8.22473800,0.76601460
30.08369282,-8.22473800,0.76601460
30.10417282,-8.22473800,0.72099980
30.12465282,-17.18192000,0.72099980
30.14513282,-17.18192000,0.72099980
30.16561282,-17.18192000,0.63112270
30.18609282,-21.66814000,0.63112270
30.20657282,-26.15436000,0.63112270
30.22705282,-26.15436000,0.58610800
30.24753282,-26.15436000,0.58610800
30.26801282,-30.62533000,0.58610800
30.28849282,-30.62533000,0.54109320
30.30897281,-35.11155000,0.54109320
30.32945281,-35.11155000,0.54109320
30.34993281,-35.11155000,0.49623100
30.37041281,-39.58250000,0.45121620
30.39089281,-44.06873000,0.45121620
30.41137281,-44.06873000,0.45121620
30.43185281,-48.55495000,0.40620140
30.45233281,-48.55495000,0.36118660
30.47281281,-48.55495000,0.36118660
30.49329281,-53.02591000,0.36118660
30.51377281,-53.02591000,0.31632440
30.53425281,-53.02591000,0.31632440
30.55473281,-53.02591000,0.31632440
30.57521281,-61.98309000,0.27130960
30.59569281,-61.98309000,0.22629480
30.61617281,-61.98309000,0.22629480
30.63665281,-61.98309000,0.22629480
30.65713281,-66.46931000,0.18127990
30.67761281,-66.46931000,0.18127990
30.69809281,-70.95554000,0.18127990
30.71857281,-70.95554000,0.13641770
30.73905281,-70.95554000,0.09140294
30.75953281,-75.42650000,0.09140294
30.78001281,-79.91272000,0.04638813
30.80049281,-79.91272000,0.04638813
30.82097281,-79.91272000,0.00137333
30.84145281,-84.39894000,0.00137333
30.86193281,-84.39894000,0.00137333
30.88241281,-84.39894000,-0.04348888
30.90289281,-88.86990000,-0.04348888
30.92337281,-88.86990000,-0.04348888
30.94385281,-88.86990000,-0.13336590
30.96433281,-97.82708000,-0.13336590
30.98481281,-97.82708000,-0.13336590
31.00529281,-97.82708000,-0.17838070
31.02577281,-97.82708000,-0.17838070
31.04625281,-102.31330000,-0.17838070
31.06673281,-102.31330000,-0.22339550
31.08721281,-106.79950000,-0.22339550
31.10769281,-106.79950000,-0.26825770
31.12817281,-111.27050000,-0.26825770
31.14865281,-111.27050000,-0.31327250
31.16913281,-115.75670000,-0.35828730
31.18961281,-115.75670000,-0.35828730
31.21009281,-115.75670000,-0.35828730
31.23057281,-115.75670000,-0.35828730
31.25105281,-120.22770000,-0.40330210
31.27153281,-120.22770000,-0.40330210
31.29201281,-124.71390000,-0.44816430
31.31249281,-124.71390000,-0.44816430
31.33297281,-124.71390000,-0.49317910
31.35345281,-124.71390000,-0.49317910
31.37393281,-129.20010000,-0.49317910
31.39441281,-129.20010000,-0.53819390
31.41489281,-133.67110000,-0.53819390
31.43537281,-133.67110000,-0.53819390
31.45585281,-133.67110000,-0.58320870
31.47633281,-138.15730000,-0.62807090
31.49681281,-138.15730000,-0.62807090
31.51729281,-142.62830000,-0.62807090
31.53777281,-142.62830000,-0.67308570
31.55825281,-142.62830000,-0.67308570
31.57873281,-147.11450000,-0.71810050
31.59921281,-151.60070000,-0.71810050
31.61969281,-151.60070000,-0.71810050
31.64017281,-151.60070000,-0.76311530
31.66065281,-151.60070000,-0.76311530
31.68113281,-151.60070000,-0.80797760
31.70161281,-156.07170000,-0.80797760
31.72209281,-160.55790000,-0.85299230
31.74257281,-160.55790000,-0.85299230
31.76305281,-160.55790000,-0.89800720
31.78353281,-160.55790000,-0.89800720
31.80401281,-169.51510000,-0.89800720
31.82449281,-169.51510000,-0.94302190
31.84497281,-169.51510000,-0.94302190
31.86545281,-169.51510000,-0.98788420
31.88593281,-174.00130000,-0.98788420
31.90641281,-174.00130000,-1.03289900
31.92689281,-178.47220000,-1.03289900
31.94737281,-178.47220000,-1.03289900
31.96785280,-178.47220000,-1.07791400
31.98833280,-182.95850000,-1.07791400
32.00881280,-182.95850000,-1.07791400
32.02929280,-187.44470000,-1.12292900
32.04977280,-187.44470000,-1.12292900
32.07025280,-187.44470000,-1.12292900
32.09073280,-191.91560000,-1.16779100
32.11121280,-191.91560000,-1.21280600
32.13169280,-196.40190000,-1.21280600
32.15217280,-196.40190000,-1.21280600
32.17265280,-196.40190000,-1.25782000
32.19313280,-196.40190000,-1.25782000
32.21361280,-200.87280000,-1.25782000
32.23409280,-205.35910000,-1.25782000
32.25457280,-205.35910000,-1.30283500
32.27505280,-205.35910000,-1.34769700
32.29553280,-205.35910000,-1.39271200
32.31601280,-209.84530000,-1.39271200
32.33649280,-209.84530000,-1.39271200
32.35697280,-209.84530000,-1.43772700
32.37745280,-214.31620000,-1.43772700
32.39793280,-214.31620000,-1.43772700
32.41841280,-218.80250000,-1.48274200
32.43889280,-218.80250000,-1.48274200
32.45937280,-223.27340000,-1.48274200
32.47985280,-223.27340000,-1.52760400
32.50033280,-223.27340000,-1.52760400
32.52081280,-223.27340000,-1.57261900
32.54129280,-227.75960000,-1.57261900
32.56177280,-227.75960000,-1.61763400
32.58225280,-227.75960000,-1.61763400
32.60273280,-232.24580000,-1.61763400
32.62321280,-232.24580000,-1.61763400
32.64369280,-236.71680000,-1.61763400
32.66417280,-236.71680000,-1.66264800
32.68465280,-241.20300000,-1.66264800
32.70513280,-241.20300000,-1.70751100
32.72561280,-241.20300000,-1.70751100
32.74609280,-245.67400000,-1.70751100
32.76657280,-245.67400000,-1.79754000
32.78705280,-245.67400000,-1.79754000
32.80753280,-250.16020000,-1.79754000
32.82801280,-250.16020000,-1.79754000
32.84849280,-250.16020000,-1.84255500
32.86897280,-250.16020000,-1.84255500
32.88945280,-254.64640000,-1.84255500
32.90993280,-259.11740000,-1.84255500
32.93041280,-259.11740000,-1.88741700
32.95089280,-259.11740000,-1.88741700
32.97137280,-259.11740000,-1.88741700
32.99185280,-259.11740000,-1.93243200
33.01233280,-259.11740000,-1.93243200
33.03281280,-263.60360000,-1.97744700
33.05329280,-263.60360000,-1.97744700
33.07377280,-268.08980000,-1.97744700
33.09425280,-268.08980000,-2.02246200
33.11473280,-268.08980000,-2.02246200
33.13521280,-268.08980000,-2.02246200
33.15569280,-277.04700000,-2.06732400
33.17617280,-272.56080000,-2.06732400
33.19665280,-277.04700000,-2.06732400
33.21713280,-277.04700000,-2.11233900
33.23761280,-277.04700000,-2.11233900
33.25809280,-277.04700000,-2.11233900
33.27857280,-277.04700000,-2.11233900
33.29905280,-281.51800000,-2.15735300
33.31953280,-281.51800000,-2.15735300
33.34001280,-281.51800000,-2.15735300
33.36049280,-281.51800000,-2.15735300
33.38097280,-281.51800000,-2.20236800
33.40145280,-286.00420000,-2.20236800
33.42193280,-286.00420000,-2.20236800
33.44241280,-286.00420000,-2.20236800
33.46289280,-286.00420000,-2.24723100
33.48337280,-286.00420000,-2.24723100
33.50385280,-286.00420000,-2.24723100
33.52433280,-290.49040000,-2.24723100
33.54481280,-290.49040000,-2.29224500
33.56529280,-290.49040000,-2.29224500
33.58577280,-294.96140000,-2.29224500
33.60625279,-290.49040000,-2.29224500
33.62673279,-294.96140000,-2.33726000
33.64721279,-294.96140000,-2.33726000
33.66769279,-294.96140000,-2.33726000
33.68817279,-294.96140000,-2.33726000
33.70865279,-294.96140000,-2.33726000
33.72913279,-294.96140000,-2.38227500
33.74961279,-299.44760000,-2.38227500
33.77009279,-299.44760000,-2.38227500
33.79057279,-299.44760000,-2.38227500
33.81105279,-299.44760000,-2.38227500
33.83153279,-299.44760000,-2.42713700
33.85201279,-303.91860000,-2.42713700
33.87249279,-303.91860000,-2.42713700
33.89297279,-303.91860000,-2.42713700
33.91345279,-303.91860000,-2.42713700
33.93393279,-303.91860000,-2.42713700
33.95441279,-303.91860000,-2.42713700
33.97489279,-303.91860000,-2.47215200
33.99537279,-303.91860000,-2.47215200
34.01585279,-303.91860000,-2.47215200
34.03633279,-303.91860000,-2.51716700
34.05681279,-308.40480000,-2.51716700
34.07729279,-308.40480000,-2.51716700
34.09777279,-308.40480000,-2.51716700
34.11825279,-303.91860000,-2.51716700
34.13873279,-312.89100000,-2.51716700
34.15921279,-312.89100000,-2.56218100
34.17969279,-312.89100000,-2.56218100
34.20017279,-312.89100000,-2.56218100
34.22065279,-312.89100000,-2.56218100
34.24113279,-312.89100000,-2.51716700
34.26161279,-312.89100000,-2.56218100
34.28209279,-312.89100000,-2.56218100
34.30257279,-312.89100000,-2.56218100
34.32305279,-312.89100000,-2.60704400
34.34353279,-312.89100000,-2.60704400
34.36401279,-312.89100000,-2.60704400
34.38449279,-312.89100000,-2.60704400
34.40497279,-312.89100000,-2.60704400
34.42545279,-312.89100000,-2.60704400
34.44593279,-312.89100000,-2.60704400
34.46641279,-312.89100000,-2.60704400
34.48689279,-312.89100000,-2.60704400
34.50737279,-312.89100000,-2.65205900
34.52785279,-312.89100000,-2.65205900
34.54833279,-312.89100000,-2.65205900
34.56881279,-312.89100000,-2.65205900
34.58929279,-312.89100000,-2.65205900
34.60977279,-312.89100000,-2.65205900
34.63025279,-312.89100000,-2.65205900
34.65073279,-312.89100000,-2.65205900
34.67121279,-312.89100000,-2.65205900
34.69169279,-317.36200000,-2.65205900
34.71217279,-312.89100000,-2.69707300
34.73265279,-312.89100000,-2.69707300
34.75313279,-312.89100000,-2.69707300
34.77361279,-312.89100000,-2.69707300
34.79409279,-312.89100000,-2.69707300
34.81457279,-312.89100000,-2.69707300
34.83505279,-317.36200000,-2.69707300
34.85553279,-317.36200000,-2.69707300
34.87601279,-312.89100000,-2.69707300
34.89649279,-317.36200000,-2.69707300
34.91697279,-317.36200000,-2.69707300
34.93745279,-317.36200000,-2.69707300
34.95793279,-317.36200000,-2.69707300
34.97841279,-317.36200000,-2.69707300
34.99889279,-317.36200000,-2.69707300
35.01937279,-312.89100000,-2.69707300
35.03985279,-317.36200000,-2.69707300
35.06033279,-317.36200000,-2.69707300
35.08081279,-317.36200000,-2.74208800
35.10129279,-317.36200000,-2.74208800
35.12177279,-317.36200000,-2.69707300
35.14225279,-317.36200000,-2.74208800
35.16273279,-317.36200000,-2.74208800
35.18321279,-317.36200000,-2.69707300
35.20369279,-317.36200000,-2.74208800
35.22417279,-317.36200000,-2.69707300
35.24465278,-317.36200000,-2.74208800
35.26513278,-317.36200000,-2.74208800
35.28561278,-317.36200000,-2.74208800
35.30609278,-317.36200000,-2.74208800
35.32657278,-317.36200000,-2.74208800
35.34705278,-312.89100000,-2.74208800
35.36753278,-317.36200000,-2.74208800
35.38801278,-317.36200000,-2.74208800
35.40849278,-317.36200000,-2.74208800
35.42897278,-317.36200000,-2.74208800
35.44945278,-317.36200000,-2.74208800
35.46993278,-317.36200000,-2.74208800
35.49041278,-317.36200000,-2.74208800
35.51089278,-317.36200000,-2.74208800
35.53137278,-317.36200000,-2.74208800
35.55185278,-317.36200000,-2.78695000
35.57233278,-317.36200000,-2.78695000
35.59281278,-317.36200000,-2.78695000
35.61329278,-317.36200000,-2.74208800
35.63377278,-317.36200000,-2.78695000
35.65425278,-317.36200000,-2.78695000
35.67473278,-317.36200000,-2.78695000
35.69521278,-317.36200000,-2.78695000
35.71569278,-317.36200000,-2.78695000
35.73617278,-317.36200000,-2.78695000
35.75665278,-317.36200000,-2.78695000
35.77713278,-317.36200000,-2.78695000
35.79761278,-317.36200000,-2.78695000
35.81809278,-317.36200000,-2.78695000
35.83857278,-317.36200000,-2.78695000
35.85905278,-317.36200000,-2.78695000
35.87953278,-312.89100000,-2.78695000
35.90001278,-312.89100000,-2.78695000
35.92049278,-312.89100000,-2.78695000
35.94097278,-312.89100000,-2.78695000
35.96145278,-312.89100000,-2.78695000
35.98193278,-312.89100000,-2.83196500
36.00241278,-312.89100000,-2.83196500
36.02289278,-312.89100000,-2.78695000
36.04337278,-312.89100000,-2.83196500
36.06385278,-312.89100000,-2.78695000
36.08433278,-312.89100000,-2.78695000
36.10481278,-312.89100000,-2.78695000
36.12529278,-312.89100000,-2.78695000
36.14577278,-312.89100000,-2.78695000
36.16625278,-312.89100000,-2.83196500
36.18673278,-312.89100000,-2.78695000
36.20721278,-312.89100000,-2.83196500
36.22769278,-308.40480000,-2.78695000
36.24817278,-303.91860000,-2.78695000
36.26865278,-303.91860000,-2.83196500
36.28913278,-303.91860000,-2.78695000
36.30961278,-303.91860000,-2.78695000
36.33009278,-303.91860000,-2.78695000
36.35057278,-303.91860000,-2.78695000
36.37105278,-303.91860000,-2.78695000
36.39153278,-303.91860000,-2.78695000
36.41201278,-299.44760000,-2.78695000
36.43249278,-294.96140000,-2.78695000
36.45297278,-294.96140000,-2.78695000
36.47345278,-294.96140000,-2.78695000
36.49393278,-294.96140000,-2.78695000
36.51441278,-294.96140000,-2.78695000
36.53489278,-294.96140000,-2.78695000
36.55537278,-290.49040000,-2.78695000
36.57585278,-286.00420000,-2.74208800
36.59633278,-286.00420000,-2.74208800
36.61681278,-286.00420000,-2.74208800
36.63729278,-281.51800000,-2.74208800
36.65777278,-281.51800000,-2.69707300
36.67825278,-281.51800000,-2.74208800
36.69873278,-277.04700000,-2.69707300
36.71921278,-277.04700000,-2.69707300
36.73969278,-277.04700000,-2.69707300
36.76017278,-277.04700000,-2.69707300
36.78065278,-272.56080000,-2.69707300
36.80113278,-272.56080000,-2.69707300
36.82161278,-268.08980000,-2.69707300
36.84209278,-268.08980000,-2.69707300
36.86257278,-268.08980000,-2.65205900
36.88305278,-268.08980000,-2.65205900
36.90353277,-263.60360000,-2.65205900
36.92401277,-263.60360000,-2.65205900
36.94449277,-263.60360000,-2.65205900
36.96497277,-259.11740000,-2.60704400
36.98545277,-259.11740000,-2.60704400
37.00593277,-259.11740000,-2.60704400
37.02641277,-259.11740000,-2.60704400
37.04689277,-259.11740000,-2.60704400
37.06737277,-254.64640000,-2.60704400
37.08785277,-254.64640000,-2.56218100
37.10833277,-250.16020000,-2.56218100
37.12881277,-250.16020000,-2.56218100
37.14929277,-250.16020000,-2.56218100
37.16977277,-250.16020000,-2.56218100
37.19025277,-250.16020000,-2.51716700
37.21073277,-245.67400000,-2.51716700
37.23121277,-245.67400000,-2.51716700
37.25169277,-241.20300000,-2.51716700
37.27217277,-241.20300000,-2.51716700
37.29265277,-241.20300000,-2.51716700
37.31313277,-241.20300000,-2.51716700
37.33361277,-241.20300000,-2.51716700
37.35409277,-236.71680000,-2.51716700
37.37457277,-241.20300000,-2.47215200
37.39505277,-232.24580000,-2.47215200
37.41553277,-232.24580000,-2.47215200
37.43601277,-232.24580000,-2.47215200
37.45649277,-232.24580000,-2.42713700
37.47697277,-232.24580000,-2.42713700
37.49745277,-232.24580000,-2.42713700
37.51793277,-227.75960000,-2.42713700
37.53841277,-227.75960000,-2.42713700
37.55889277,-223.27340000,-2.38227500
37.57937277,-223.27340000,-2.38227500
37.59985277,-223.27340000,-2.38227500
37.62033277,-223.27340000,-2.38227500
37.64081277,-218.80250000,-2.38227500
37.66129277,-214.31620000,-2.33726000
37.68177277,-214.31620000,-2.33726000
37.70225277,-214.31620000,-2.33726000
37.72273277,-214.31620000,-2.33726000
37.74321277,-209.84530000,-2.33726000
37.76369277,-205.35910000,-2.33726000
37.78417277,-205.35910000,-2.33726000
37.80465277,-205.35910000,-2.29224500
37.82513277,-205.35910000,-2.29224500
37.84561277,-205.35910000,-2.29224500
37.86609277,-200.87280000,-2.29224500
37.88657277,-200.87280000,-2.24723100
37.90705277,-196.40190000,-2.24723100
37.92753277,-196.40190000,-2.20236800
37.94801277,-191.91560000,-2.20236800
37.96849277,-191.91560000,-2.20236800
37.98897277,-191.91560000,-2.20236800
38.00945277,-191.91560000,-2.20236800
38.02993277,-187.44470000,-2.20236800
38.05041277,-187.44470000,-2.15735300
38.07089277,-187.44470000,-2.15735300
38.09137277,-182.95850000,-2.15735300
38.11185277,-182.95850000,-2.11233900
38.13233277,-178.47220000,-2.15735300
38.15281277,-178.47220000,-2.11233900
38.17329277,-178.47220000,-2.11233900
38.19377277,-174.00130000,-2.11233900
38.21425277,-174.00130000,-2.06732400
38.23473277,-169.51510000,-2.06732400
38.25521277,-169.51510000,-2.06732400
38.27569277,-169.51510000,-2.06732400
38.29617277,-169.51510000,-2.02246200
38.31665277,-165.02880000,-2.02246200
38.33713277,-160.55790000,-1.97744700
38.35761277,-160.55790000,-2.02246200
38.37809277,-156.07170000,-1.97744700
38.39857277,-160.55790000,-1.97744700
38.41905277,-156.07170000,-1.97744700
38.43953277,-156.07170000,-1.97744700
38.46001277,-151.60070000,-1.93243200
38.48049277,-151.60070000,-1.93243200
38.50097277,-147.11450000,-1.93243200
38.52145277,-147.11450000,-1.93243200
38.54193276,-142.62830000,-1.88741700
38.56241276,-142.62830000,-1.88741700
38.58289276,-138.15730000,-1.88741700
38.60337276,-138.15730000,-1.84255500
38.62385276,-133.67110000,-1.79754000
38.64433276,-133.67110000,-1.79754000
38.66481276,-133.67110000,-1.79754000
38.68529276,-129.20010000,-1.79754000
38.70577276,-124.71390000,-1.79754000
38.72625276,-124.71390000,-1.79754000
38.74673276,-124.71390000,-1.79754000
38.76721276,-120.22770000,-1.75252500
38.78769276,-115.75670000,-1.70751100
38.80817276,-120.22770000,-1.70751100
38.82865276,-115.75670000,-1.70751100
38.84913276,-115.75670000,-1.66264800
38.86961276,-111.27050000,-1.66264800
38.89009276,-106.79950000,-1.61763400
38.91057276,-106.79950000,-1.66264800
38.93105276,-106.79950000,-1.61763400
38.95153276,-102.31330000,-1.61763400
38.97201276,-102.31330000,-1.57261900
38.99249276,-97.82708000,-1.57261900
39.01297276,-97.82708000,-1.57261900
39.03345276,-97.82708000,-1.57261900
39.05393276,-97.82708000,-1.57261900
39.07441276,-93.35612000,-1.52760400
39.09489276,-88.86990000,-1.48274200
39.11537276,-88.86990000,-1.48274200
39.13585276,-88.86990000,-1.48274200
39.15633276,-84.39894000,-1.48274200
39.17681276,-84.39894000,-1.43772700
39.19729276,-84.39894000,-1.43772700
39.21777276,-79.91272000,-1.43772700
39.23825276,-79.91272000,-1.43772700
39.25873276,-79.91272000,-1.39271200
39.27921276,-75.42650000,-1.39271200
39.29969276,-70.95554000,-1.39271200
39.32017276,-70.95554000,-1.34769700
39.34065276,-70.95554000,-1.34769700
39.36113276,-66.46931000,-1.34769700
39.38161276,-66.46931000,-1.30283500
39.40209276,-61.98309000,-1.30283500
39.42257276,-61.98309000,-1.25782000
39.44305276,-61.98309000,-1.25782000
39.46353276,-61.98309000,-1.25782000
39.48401276,-53.02591000,-1.21280600
39.50449276,-53.02591000,-1.21280600
39.52497276,-53.02591000,-1.21280600
39.54545276,-53.02591000,-1.21280600
39.56593276,-48.55495000,-1.21280600
39.58641276,-44.06873000,-1.16779100
39.60689276,-44.06873000,-1.16779100
39.62737276,-44.06873000,-1.12292900
39.64785276,-44.06873000,-1.12292900
39.66833276,-35.11155000,-1.12292900
39.68881276,-35.11155000,-1.07791400
39.70929276,-35.11155000,-1.07791400
39.72977276,-30.62533000,-1.03289900
39.75025276,-26.15436000,-1.03289900
39.77073276,-26.15436000,-1.03289900
39.79121276,-26.15436000,-1.03289900
39.81169276,-26.15436000,-0.98788420
39.83217276,-21.66814000,-0.98788420
39.85265276,-17.18192000,-0.98788420
39.87313276,-17.18192000,-0.94302190
39.89361276,-17.18192000,-0.94302190
39.91409276,-12.71096000,-0.89800720
39.93457276,-8.22473800,-0.89800720
39.95505276,-8.22473800,-0.89800720
39.97553276,-8.22473800,-0.85299230
39.99601276,-8.22473800,-0.85299230
40.01649276,0.73244420,-0.85299230
40.03697276,0.73244420,-0.80797760
40.05745276,0.73244420,-0.80797760
40.07793276,5.21866500,-0.76311530
40.09841276,9.68962700,-0.71810050
40.11889276,9.68962700,-0.71810050
40.13937276,9.68962700,-0.71810050
40.15985276,14.17585000,-0.67308570
40.18033275,14.17585000,-0.67308570
40.20081275,18.64681000,-0.62807090
40.22129275,18.64681000,-0.62807090
40.24177275,23.11777000,-0.58320870
40.26225275,23.11777000,-0.58320870
40.28273275,27.60399000,-0.53819390
40.30321275,27.60399000,-0.53819390
40.32369275,32.07495000,-0.53819390
40.34417275,36.56117000,-0.53819390
40.36465275,36.56117000,-0.49317910
40.38513275,36.56117000,-0.44816430
40.40561275,36.56117000,-0.44816430
40.42609275,41.04739000,-0.40330210
40.44657275,45.51836000,-0.40330210
40.46705275,45.51836000,-0.35828730
40.48753275,45.51836000,-0.35828730
40.50801275,50.00458000,-0.35828730
40.52849275,54.47554000,-0.31327250
40.54897275,54.47554000,-0.26825770
40.56945275,54.47554000,-0.26825770
40.58993275,58.96176000,-0.22339550
40.61041275,58.96176000,-0.22339550
40.63089275,63.44798000,-0.17838070
40.65137275,63.44798000,-0.17838070
40.67185275,63.44798000,-0.17838070
40.69233275,63.44798000,-0.13336590
40.71281275,67.91895000,-0.13336590
40.73329275,72.40517000,-0.13336590
40.75377275,72.40517000,-0.08835109
40.77425275,72.40517000,-0.04348888
40.79473275,81.36235000,-0.04348888
40.81521275,76.87613000,-0.04348888
40.83569275,81.36235000,0.00137333
40.85617275,81.36235000,0.00137333
40.87665275,81.36235000,0.04638813
40.89713275,85.84857000,0.04638813
40.91761275,90.31953000,0.09140294
40.93809275,90.31953000,0.09140294
40.95857275,90.31953000,0.13641770
40.97905275,90.31953000,0.13641770
40.99953275,94.80575000,0.18127990
41.02001275,94.80575000,0.18127990
41.04049275,94.80575000,0.18127990
41.06097275,99.27671000,0.22629480
41.08145275,99.27671000,0.27130960
41.10193275,103.76290000,0.27130960
41.12241275,103.76290000,0.27130960
41.14289275,108.24920000,0.31632440
41.16337275,108.24920000,0.31632440
41.18385275,108.24920000,0.36118660
41.20433275,112.72010000,0.36118660
41.22481275,112.72010000,0.40620140
41.24529275,117.20630000,0.40620140
41.26577275,117.20630000,0.45121620
41.28625275,117.20630000,0.45121620
41.30673275,117.20630000,0.49623100
41.32721275,117.20630000,0.49623100
41.34769275,126.16350000,0.49623100
41.36817275,126.16350000,0.54109320
41.38865275,126.16350000,0.54109320
41.40913275,126.16350000,0.54109320
41.42961275,130.64970000,0.58610800
41.45009275,130.64970000,0.58610800
41.47057275,130.64970000,0.58610800
41.49105275,135.12070000,0.63112270
41.51153275,135.12070000,0.63112270
41.53201275,135.12070000,0.67613760
41.55249275,139.60690000,0.67613760
41.57297275,144.09310000,0.67613760
41.59345275,144.09310000,0.72099980
41.61393275,144.09310000,0.72099980
41.63441275,148.56410000,0.72099980
41.65489275,148.56410000,0.76601460
41.67537275,153.05030000,0.76601460
41.69585275,153.05030000,0.81102940
41.71633275,153.05030000,0.81102940
41.73681275,157.52130000,0.85604420
41.75729275,157.52130000,0.85604420
41.77777275,162.00750000,0.85604420
41.79825275,162.00750000,0.90090640
41.81873275,162.00750000,0.94592120
41.83921274,166.49370000,0.94592120
41.85969274,166.49370000,0.94592120
41.88017274,170.96470000,0.94592120
41.90065274,170.96470000,0.99093600
41.92113274,170.96470000,0.99093600
41.94161274,170.96470000,1.03595100
41.96209274,175.45090000,1.03595100
41.98257274,179.92190000,1.08081300
42.00305274,179.92190000,1.08081300
42.02353274,179.92190000,1.08081300
42.04401274,184.40810000,1.12582800
42.06449274,184.40810000,1.08081300
42.08497274,184.40810000,1.12582800
42.10545274,188.89430000,1.17084300
42.12593274,188.89430000,1.21585700
42.14641274,188.89430000,1.21585700
42.16689274,193.36530000,1.21585700
42.18737274,193.36530000,1.26072000
42.20785274,197.85150000,1.26072000
42.22833274,197.85150000,1.26072000
42.24881274,197.85150000,1.30573400
42.26929274,202.32250000,1.30573400
42.28977274,206.80870000,1.30573400
42.31025274,206.80870000,1.35074900
42.33073274,206.80870000,1.35074900
42.35121274,206.80870000,1.39576400
42.37169274,206.80870000,1.39576400
42.39217274,211.29490000,1.44062600
42.41265274,215.76590000,1.44062600
42.43313274,215.76590000,1.44062600
42.45361274,215.76590000,1.44062600
42.47409274,220.25210000,1.48564100
42.49457274,220.25210000,1.53065600
42.51505274,220.25210000,1.53065600
42.53553274,224.73830000,1.53065600
42.55601274,224.73830000,1.57567100
42.57649274,224.73830000,1.57567100
42.59697274,224.73830000,1.62053300
42.61745274,229.20930000,1.62053300
42.63793274,229.20930000,1.62053300
42.65841274,233.69550000,1.62053300
42.67889274,233.69550000,1.66554800
42.69937274,233.69550000,1.66554800
42.71985274,233.69550000,1.71056200
42.74033274,238.16650000,1.71056200
42.76081274,242.65270000,1.75557700
42.78129274,242.65270000,1.75557700
42.80177274,242.65270000,1.75557700
42.82225274,242.65270000,1.75557700
42.84273274,247.13890000,1.80043900
42.86321274,242.65270000,1.80043900
42.88369274,247.13890000,1.84545400
42.90417274,251.60980000,1.80043900
42.92465274,251.60980000,1.84545400
42.94513274,256.09610000,1.84545400
42.96561274,256.09610000,1.89046900
42.98609274,256.09610000,1.89046900
43.00657274,260.56700000,1.93548400
43.02705274,260.56700000,1.93548400
43.04753274,260.56700000,1.93548400
43.06801274,260.56700000,1.98034600
43.08849274,260.56700000,1.98034600
43.10897274,265.05330000,1.98034600
43.12945274,260.56700000,1.98034600
43.14993274,269.53950000,2.02536100
43.17041274,269.53950000,2.02536100
43.19089274,269.53950000,2.07037600
43.21137274,269.53950000,2.02536100
43.23185274,274.01040000,2.07037600
43.25233274,274.01040000,2.07037600
43.27281274,278.49660000,2.11539100
43.29329274,278.49660000,2.11539100
43.31377274,278.49660000,2.16025300
43.33425274,278.49660000,2.16025300
43.35473274,278.49660000,2.16025300
43.37521274,278.49660000,2.16025300
43.39569274,278.49660000,2.16025300
43.41617274,278.49660000,2.20526700
43.43665274,282.96760000,2.20526700
43.45713274,282.96760000,2.20526700
43.47761273,287.45390000,2.25028200
43.49809273,287.45390000,2.25028200
43.51857273,287.45390000,2.25028200
43.53905273,287.45390000,2.25028200
43.55953273,287.45390000,2.29529700
43.58001273,287.45390000,2.29529700
43.60049273,287.45390000,2.29529700
43.62097273,287.45390000,2.29529700
43.64145273,287.45390000,2.34015900
43.66193273,291.94010000,2.34015900
43.68241273,291.94010000,2.34015900
43.70289273,291.94010000,2.34015900
43.72337273,291.94010000,2.34015900
43.74385273,291.94010000,2.34015900
43.76433273,296.41100000,2.34015900
43.78481273,296.41100000,2.38517400
43.80529273,296.41100000,2.38517400
43.82577273,296.41100000,2.38517400
43.84625273,296.41100000,2.38517400
43.86673273,296.41100000,2.43018900
43.88721273,296.41100000,2.43018900
43.90769273,296.41100000,2.43018900
43.92817273,300.89720000,2.43018900
43.94865273,296.41100000,2.47520400
43.96913273,300.89720000,2.47520400
43.98961273,300.89720000,2.47520400
44.01009273,300.89720000,2.43018900
44.03057273,305.38350000,2.47520400
44.05105273,305.38350000,2.47520400
44.07153273,305.38350000,2.52006600
44.09201273,305.38350000,2.52006600
44.11249273,305.38350000,2.52006600
44.13297273,305.38350000,2.52006600
44.15345273,305.38350000,2.52006600
44.17393273,305.38350000,2.52006600
44.19441273,305.38350000,2.52006600
44.21489273,305.38350000,2.52006600
44.23537273,305.38350000,2.52006600
44.25585273,305.38350000,2.52006600
44.27633273,305.38350000,2.52006600
44.29681273,305.38350000,2.56508100
44.31729273,305.38350000,2.56508100
44.33777273,309.85440000,2.56508100
44.35825273,305.38350000,2.56508100
44.37873273,305.38350000,2.61009600
44.39921273,309.85440000,2.56508100
44.41969273,305.38350000,2.61009600
44.44017273,309.85440000,2.56508100
44.46065273,309.85440000,2.61009600
44.48113273,309.85440000,2.61009600
44.50161273,309.85440000,2.56508100
44.52209273,309.85440000,2.61009600
44.54257273,309.85440000,2.61009600
44.56305273,309.85440000,2.61009600
44.58353273,309.85440000,2.61009600
44.60401273,309.85440000,2.61009600
44.62449273,309.85440000,2.65511000
44.64497273,309.85440000,2.61009600
44.66545273,309.85440000,2.61009600
44.68593273,309.85440000,2.61009600
44.70641273,309.85440000,2.61009600
44.72689273,309.85440000,2.65511000
44.74737273,309.85440000,2.65511000
44.76785273,309.85440000,2.65511000
44.78833273,309.85440000,2.65511000
44.80881273,309.85440000,2.65511000
44.82929273,309.85440000,2.65511000
44.84977273,314.34060000,2.65511000
44.87025273,309.85440000,2.65511000
44.89073273,309.85440000,2.65511000
44.91121273,309.85440000,2.69997200
44.93169273,309.85440000,2.69997200
44.95217273,309.85440000,2.69997200
44.97265273,309.85440000,2.69997200
44.99313273,314.34060000,2.69997200
45.01361273,314.34060000,2.69997200
45.03409273,309.85440000,2.69997200
45.05457273,309.85440000,2.69997200
45.07505273,314.34060000,2.69997200
45.09553273,314.34060000,2.69997200
45.11601272,309.85440000,2.69997200
45.13649272,309.85440000,2.69997200
45.15697272,314.34060000,2.69997200
45.17745272,314.34060000,2.69997200
45.19793272,314.34060000,2.69997200
45.21841272,314.34060000,2.69997200
45.23889272,314.34060000,2.69997200
45.25937272,314.34060000,2.69997200
45.27985272,314.34060000,2.74498700
45.30033272,314.34060000,2.74498700
45.32081272,309.85440000,2.69997200
45.34129272,314.34060000,2.74498700
45.36177272,314.34060000,2.74498700
45.38225272,309.85440000,2.69997200
45.40273272,314.34060000,2.74498700
45.42321272,314.34060000,2.74498700
45.44369272,309.85440000,2.74498700
45.46417272,314.34060000,2.74498700
45.48465272,314.34060000,2.74498700
45.50513272,314.34060000,2.74498700
45.52561272,309.85440000,2.74498700
45.54609272,314.34060000,2.74498700
45.56657272,309.85440000,2.74498700
45.58705272,309.85440000,2.74498700
45.60753272,314.34060000,2.74498700
45.62801272,309.85440000,2.74498700
45.64849272,309.85440000,2.74498700
45.66897272,309.85440000,2.74498700
45.68945272,314.34060000,2.74498700
45.70993272,309.85440000,2.74498700
45.73041272,314.34060000,2.74498700
45.75089272,309.85440000,2.74498700
45.77137272,309.85440000,2.74498700
45.79185272,309.85440000,2.74498700
45.81233272,309.85440000,2.74498700
45.83281272,309.85440000,2.79000200
45.85329272,309.85440000,2.79000200
45.87377272,309.85440000,2.79000200
45.89425272,309.85440000,2.79000200
45.91473272,309.85440000,2.79000200
45.93521272,309.85440000,2.79000200
45.95569272,309.85440000,2.79000200
45.97617272,309.85440000,2.79000200
45.99665272,309.85440000,2.79000200
46.01713272,309.85440000,2.79000200
46.03761272,305.38350000,2.79000200
46.05809272,305.38350000,2.79000200
46.07857272,305.38350000,2.79000200
46.09905272,305.38350000,2.79000200
46.11953272,305.38350000,2.79000200
46.14001272,305.38350000,2.79000200
46.16049272,305.38350000,2.79000200
46.18097272,305.38350000,2.79000200
46.20145272,305.38350000,2.79000200
46.22193272,305.38350000,2.79000200
46.24241272,305.38350000,2.79000200
46.26289272,305.38350000,2.79000200
46.28337272,305.38350000,2.79000200
46.30385272,300.89720000,2.79000200
46.32433272,296.41100000,2.74498700
46.34481272,296.41100000,2.79000200
46.36529272,296.41100000,2.79000200
46.38577272,296.41100000,2.79000200
46.40625272,296.41100000,2.74498700
46.42673272,291.94010000,2.74498700
46.44721272,291.94010000,2.74498700
46.46769272,287.45390000,2.74498700
46.48817272,287.45390000,2.74498700
46.50865272,287.45390000,2.74498700
46.52913272,287.45390000,2.74498700
46.54961272,282.96760000,2.74498700
46.57009272,282.96760000,2.74498700
46.59057272,278.49660000,2.69997200
46.61105272,278.49660000,2.69997200
46.63153272,278.49660000,2.69997200
46.65201272,278.49660000,2.69997200
46.67249272,274.01040000,2.69997200
46.69297272,274.01040000,2.69997200
46.71345272,274.01040000,2.69997200
46.73393272,269.53950000,2.69997200
46.75441272,269.53950000,2.69997200
46.77489271,269.53950000,2.65511000
46.79537271,265.05330000,2.69997200
46.81585271,265.05330000,2.65511000
46.83633271,260.56700000,2.65511000
46.85681271,260.56700000,2.61009600
46.87729271,260.56700000,2.65511000
46.89777271,260.56700000,2.65511000
46.91825271,260.56700000,2.61009600
46.93873271,260.56700000,2.61009600
46.95921271,256.09610000,2.61009600
46.97969271,256.09610000,2.61009600
47.00017271,251.60980000,2.56508100
47.02065271,251.60980000,2.56508100
47.04113271,251.60980000,2.56508100
47.06161271,251.60980000,2.56508100
47.08209271,251.60980000,2.52006600
47.10257271,247.13890000,2.52006600
47.12305271,242.65270000,2.52006600
47.14353271,242.65270000,2.52006600
47.16401271,242.65270000,2.52006600
47.18449271,242.65270000,2.52006600
47.20497271,242.65270000,2.47520400
47.22545271,238.16650000,2.52006600
47.24593271,242.65270000,2.47520400
47.26641271,238.16650000,2.47520400
47.28689271,238.16650000,2.47520400
47.30737271,233.69550000,2.47520400
47.32785271,233.69550000,2.47520400
47.34833271,233.69550000,2.43018900
47.36881271,233.69550000,2.43018900
47.38929271,233.69550000,2.43018900
47.40977271,233.69550000,2.43018900
47.43025271,229.20930000,2.43018900
47.45073271,224.73830000,2.43018900
47.47121271,224.73830000,2.43018900
47.49169271,224.73830000,2.38517400
47.51217271,224.73830000,2.38517400
47.53265271,224.73830000,2.38517400
47.55313271,224.73830000,2.34015900
47.57361271,220.25210000,2.38517400
47.59409271,220.25210000,2.34015900
47.61457271,215.76590000,2.34015900
47.63505271,215.76590000,2.34015900
47.65553271,215.76590000,2.34015900
47.67601271,211.29490000,2.34015900
47.69649271,211.29490000,2.34015900
47.71697271,206.80870000,2.29529700
47.73745271,206.80870000,2.29529700
47.75793271,206.80870000,2.29529700
47.77841271,206.80870000,2.29529700
47.79889271,206.80870000,2.25028200
47.81937271,202.32250000,2.25028200
47.83985271,202.32250000,2.29529700
47.86033271,197.85150000,2.25028200
47.88081271,197.85150000,2.25028200
47.90129271,197.85150000,2.20526700
47.92177271,193.36530000,2.25028200
47.94225271,188.89430000,2.20526700
47.96273271,188.89430000,2.20526700
47.98321271,188.89430000,2.20526700
48.00369271,184.40810000,2.16025300
48.02417271,184.40810000,2.16025300
48.04465271,184.40810000,2.16025300
48.06513271,179.92190000,2.16025300
48.08561271,179.92190000,2.11539100
48.10609271,179.92190000,2.16025300
48.12657271,175.45090000,2.11539100
48.14705271,170.96470000,2.11539100
48.16753271,170.96470000,2.11539100
48.18801271,170.96470000,2.07037600
48.20849271,170.96470000,2.07037600
48.22897271,166.49370000,2.07037600
48.24945271,166.49370000,2.07037600
48.26993271,166.49370000,2.02536100
48.29041271,162.00750000,2.02536100
48.31089271,162.00750000,2.02536100
48.33137271,157.52130000,2.02536100
48.35185271,157.52130000,1.98034600
48.37233271,153.05030000,1.98034600
48.39281271,153.05030000,1.98034600
48.41329270,153.05030000,1.98034600
48.43377270,153.05030000,1.93548400
48.45425270,148.56410000,1.98034600
48.47473270,148.56410000,1.89046900
48.49521270,144.09310000,1.93548400
48.51569270,144.09310000,1.89046900
48.53617270,144.09310000,1.89046900
48.55665270,135.12070000,1.84545400
48.57713270,139.60690000,1.84545400
48.59761270,135.12070000,1.84545400
48.61809270,135.12070000,1.84545400
48.63857270,130.64970000,1.80043900
48.65905270,130.64970000,1.80043900
48.67953270,126.16350000,1.80043900
48.70001270,126.16350000,1.80043900
48.72049270,121.69260000,1.75557700
48.74097270,117.20630000,1.75557700
48.76145270,117.20630000,1.75557700
48.78193270,117.20630000,1.75557700
48.80241270,112.72010000,1.75557700
48.82289270,112.72010000,1.71056200
48.84337270,108.24920000,1.71056200
48.86385270,108.24920000,1.66554800
48.88433270,108.24920000,1.62053300
48.90481270,108.24920000,1.62053300
48.92529270,99.27671000,1.62053300
48.94577270,99.27671000,1.62053300
48.96625270,99.27671000,1.62053300
48.98673270,99.27671000,1.62053300
49.00721270,99.27671000,1.57567100
49.02769270,94.80575000,1.57567100
49.04817270,90.31953000,1.53065600
49.06865270,90.31953000,1.53065600
49.08913270,90.31953000,1.48564100
49.10961270,90.31953000,1.48564100
49.13009270,85.84857000,1.48564100
49.15057270,81.36235000,1.48564100
49.17105270,81.36235000,1.44062600
49.19153270,81.36235000,1.44062600
49.21201270,76.87613000,1.44062600
49.23249270,76.87613000,1.39576400
49.25297270,76.87613000,1.39576400
49.27345270,72.40517000,1.39576400
49.29393270,72.40517000,1.35074900
49.31441270,72.40517000,1.35074900
49.33489270,67.91895000,1.35074900
49.35537270,63.44798000,1.30573400
49.37585270,63.44798000,1.30573400
49.39633270,63.44798000,1.30573400
49.41681270,58.96176000,1.26072000
49.43729270,58.96176000,1.26072000
49.45777270,58.96176000,1.26072000
49.47825270,54.47554000,1.26072000
49.49873270,54.47554000,1.21585700
49.51921270,45.51836000,1.21585700
49.53969270,45.51836000,1.21585700
49.56017270,45.51836000,1.17084300
49.58065270,41.04739000,1.17084300
49.60113270,41.04739000,1.17084300
49.62161270,41.04739000,1.12582800
49.64209270,36.56117000,1.12582800
49.66257270,32.07495000,1.08081300
49.68305270,36.56117000,1.08081300
49.70353270,27.60399000,1.08081300
49.72401270,27.60399000,1.03595100
49.74449270,27.60399000,1.03595100
49.76497270,23.11777000,0.99093600
49.78545270,23.11777000,0.99093600
49.80593270,18.64681000,0.99093600
49.82641270,18.64681000,0.94592120
49.84689270,14.17585000,0.94592120
49.86737270,14.17585000,0.94592120
49.88785270,9.68962700,0.90090640
49.90833270,9.68962700,0.90090640
49.92881270,9.68962700,0.90090640
49.94929270,5.21866500,0.85604420
49.96977270,0.73244420,0.85604420
49.99025270,0.73244420,0.85604420
50.01073270,0.73244420,0.81102940
50.03121270,-3.75377700,0.81102940
