Zeit,Kanal A,Kanal B
(ms),(V),(A)

-0.02892400,-8.22473800,0.00137333
-0.00844400,-8.22473800,0.00137333
0.01203600,-3.75377700,0.00137333
0.03251600,-3.75377700,0.00137333
0.05299600,0.73244420,0.00137333
0.07347600,0.73244420,0.00137333
0.09395600,5.21866500,0.00137333
0.11443600,5.21866500,0.00137333
0.13491600,9.68962700,0.00137333
0.15539600,9.68962700,0.00137333
0.17587600,14.17585000,0.00137333
0.19635600,18.64681000,0.00137333
0.21683600,18.64681000,0.00137333
0.23731600,18.64681000,0.00137333
0.25779600,18.64681000,0.00137333
0.27827600,23.11777000,0.00137333
0.29875600,27.60399000,0.00137333
0.31923600,27.60399000,0.00137333
0.33971600,27.60399000,0.00137333
0.36019600,32.07495000,0.00137333
0.38067600,36.56117000,0.00137333
0.40115600,36.56117000,0.00137333
0.42163600,36.56117000,0.00137333
0.44211600,41.04739000,0.00137333
0.46259600,45.51836000,0.00137333
0.48307600,45.51836000,0.00137333
0.50355600,45.51836000,0.00137333
0.52403600,45.51836000,0.00137333
0.54451600,50.00458000,0.00137333
0.56499600,54.47554000,0.00137333
0.58547600,54.47554000,0.00137333
0.60595600,54.47554000,0.04638813
0.62643600,58.96176000,0.00137333
0.64691600,58.96176000,0.00137333
0.66739600,63.44798000,0.00137333
0.68787600,63.44798000,0.00137333
0.70835600,63.44798000,0.00137333
0.72883600,67.91895000,0.00137333
0.74931600,72.40517000,0.00137333
0.76979600,72.40517000,0.00137333
0.79027600,72.40517000,0.00137333
0.81075600,76.87613000,0.00137333
0.83123600,76.87613000,0.00137333
0.85171599,81.36235000,0.00137333
0.87219599,81.36235000,0.00137333
0.89267599,81.36235000,0.00137333
0.91315599,81.36235000,0.00137333
0.93363599,85.84857000,0.00137333
0.95411599,90.31953000,0.00137333
0.97459599,90.31953000,0.00137333
0.99507599,90.31953000,0.00137333
1.01555599,94.80575000,0.00137333
1.03603599,94.80575000,0.00137333
1.05651599,99.27671000,0.00137333
1.07699599,99.27671000,0.04638813
1.09747599,99.27671000,0.00137333
1.11795599,99.27671000,0.04638813
1.13843599,108.24920000,0.04638813
1.15891599,108.24920000,0.00137333
1.17939599,108.24920000,0.00137333
1.19987599,112.72010000,0.00137333
1.22035599,108.24920000,0.00137333
1.24083599,112.72010000,0.00137333
1.26131599,117.20630000,0.04638813
1.28179599,117.20630000,0.00137333
1.30227599,117.20630000,0.00137333
1.32275599,117.20630000,0.00137333
1.34323599,117.20630000,0.00137333
1.36371599,121.69260000,0.00137333
1.38419599,126.16350000,0.00137333
1.40467599,126.16350000,0.00137333
1.42515599,126.16350000,0.00137333
1.44563599,126.16350000,0.00137333
1.46611599,130.64970000,0.00137333
1.48659599,135.12070000,0.00137333
1.50707599,135.12070000,0.04638813
1.52755599,135.12070000,0.00137333
1.54803599,135.12070000,0.00137333
1.56851599,139.60690000,0.00137333
1.58899599,139.60690000,0.04638813
1.60947599,144.09310000,0.04638813
1.62995599,144.09310000,0.00137333
1.65043599,144.09310000,0.00137333
1.67091599,148.56410000,0.00137333
1.69139599,148.56410000,0.00137333
1.71187599,148.56410000,0.00137333
1.73235599,153.05030000,0.00137333
1.75283599,153.05030000,0.00137333
1.77331599,157.52130000,0.00137333
1.79379599,157.52130000,0.00137333
1.81427599,162.00750000,0.00137333
1.83475599,162.00750000,0.00137333
1.85523599,166.49370000,0.04638813
1.87571599,166.49370000,0.04638813
1.89619599,170.96470000,0.00137333
1.91667599,170.96470000,0.04638813
1.93715599,170.96470000,0.04638813
1.95763599,170.96470000,0.00137333
1.97811599,175.45090000,0.00137333
1.99859599,179.92190000,0.04638813
2.01907599,179.92190000,0.00137333
2.03955599,179.92190000,0.04638813
2.06003599,184.40810000,0.04638813
2.08051599,184.40810000,0.00137333
2.10099599,188.89430000,0.04638813
2.12147599,188.89430000,0.04638813
2.14195599,188.89430000,0.00137333
2.16243599,193.36530000,0.00137333
2.18291599,188.89430000,0.00137333
2.20339599,193.36530000,0.00137333
2.22387599,197.85150000,0.00137333
2.24435599,197.85150000,0.00137333
2.26483599,202.32250000,0.04638813
2.28531599,202.32250000,0.00137333
2.30579599,202.32250000,0.00137333
2.32627599,206.80870000,0.00137333
2.34675599,206.80870000,0.04638813
2.36723599,206.80870000,0.00137333
2.38771599,211.29490000,0.00137333
2.40819599,211.29490000,0.00137333
2.42867599,211.29490000,0.00137333
2.44915599,215.76590000,0.04638813
2.46963599,215.76590000,0.00137333
2.49011598,220.25210000,0.00137333
2.51059598,220.25210000,0.00137333
2.53107598,224.73830000,0.00137333
2.55155598,224.73830000,0.00137333
2.57203598,224.73830000,0.00137333
2.59251598,224.73830000,0.00137333
2.61299598,224.73830000,0.00137333
2.63347598,229.20930000,0.00137333
2.65395598,233.69550000,0.00137333
2.67443598,233.69550000,0.00137333
2.69491598,233.69550000,0.00137333
2.71539598,233.69550000,0.04638813
2.73587598,238.16650000,0.00137333
2.75635598,238.16650000,0.04638813
2.77683598,242.65270000,0.00137333
2.79731598,238.16650000,0.00137333
2.81779598,242.65270000,0.00137333
2.83827598,242.65270000,0.00137333
2.85875598,242.65270000,0.00137333
2.87923598,247.13890000,0.00137333
2.89971598,251.60980000,0.00137333
2.92019598,251.60980000,0.00137333
2.94067598,251.60980000,0.00137333
2.96115598,251.60980000,0.00137333
2.98163598,256.09610000,0.00137333
3.00211598,256.09610000,0.00137333
3.02259598,256.09610000,0.00137333
3.04307598,260.56700000,0.00137333
3.06355598,260.56700000,0.00137333
3.08403598,260.56700000,0.00137333
3.10451598,260.56700000,0.00137333
3.12499598,265.05330000,0.00137333
3.14547598,269.53950000,0.00137333
3.16595598,269.53950000,0.00137333
3.18643598,269.53950000,0.00137333
3.20691598,269.53950000,0.00137333
3.22739598,269.53950000,0.00137333
3.24787598,278.49660000,0.00137333
3.26835598,274.01040000,0.00137333
3.28883598,274.01040000,0.00137333
3.30931598,278.49660000,0.00137333
3.32979598,278.49660000,0.00137333
3.35027598,278.49660000,0.00137333
3.37075598,278.49660000,0.00137333
3.39123598,278.49660000,0.00137333
3.41171598,282.96760000,0.00137333
3.43219598,282.96760000,0.00137333
3.45267598,287.45390000,0.00137333
3.47315598,287.45390000,0.00137333
3.49363598,287.45390000,0.00137333
3.51411598,287.45390000,0.00137333
3.53459598,287.45390000,0.00137333
3.55507598,287.45390000,0.00137333
3.57555598,287.45390000,0.00137333
3.59603598,291.94010000,0.00137333
3.61651598,287.45390000,0.00137333
3.63699598,291.94010000,0.00137333
3.65747598,291.94010000,0.00137333
3.67795598,291.94010000,0.00137333
3.69843598,291.94010000,0.00137333
3.71891598,291.94010000,0.00137333
3.73939598,296.41100000,0.00137333
3.75987598,296.41100000,0.00137333
3.78035598,296.41100000,0.00137333
3.80083598,296.41100000,0.00137333
3.82131598,296.41100000,0.00137333
3.84179598,296.41100000,0.00137333
3.86227598,296.41100000,0.00137333
3.88275598,296.41100000,0.00137333
3.90323598,300.89720000,0.00137333
3.92371598,300.89720000,0.00137333
3.94419598,296.41100000,0.00137333
3.96467598,300.89720000,0.00137333
3.98515598,300.89720000,0.00137333
4.00563598,300.89720000,0.00137333
4.02611598,305.38350000,0.00137333
4.04659598,305.38350000,0.00137333
4.06707598,305.38350000,0.04638813
4.08755598,305.38350000,0.18127990
4.10803598,305.38350000,0.31632440
4.12851598,305.38350000,0.49623100
4.14899597,305.38350000,0.67613760
4.16947597,305.38350000,0.85604420
4.18995597,305.38350000,1.03595100
4.21043597,305.38350000,1.21585700
4.23091597,305.38350000,1.35074900
4.25139597,305.38350000,1.48564100
4.27187597,309.85440000,1.62053300
4.29235597,305.38350000,1.71056200
4.31283597,305.38350000,1.80043900
4.33331597,309.85440000,1.84545400
4.35379597,309.85440000,1.89046900
4.37427597,309.85440000,1.93548400
4.39475597,305.38350000,1.98034600
4.41523597,305.38350000,1.98034600
4.43571597,309.85440000,1.98034600
4.45619597,309.85440000,1.98034600
4.47667597,309.85440000,1.98034600
4.49715597,309.85440000,1.93548400
4.51763597,309.85440000,1.93548400
4.53811597,309.85440000,1.89046900
4.55859597,309.85440000,1.84545400
4.57907597,309.85440000,1.80043900
4.59955597,309.85440000,1.80043900
4.62003597,309.85440000,1.75557700
4.64051597,314.34060000,1.66554800
4.66099597,309.85440000,1.66554800
4.68147597,314.34060000,1.62053300
4.70195597,309.85440000,1.57567100
4.72243597,309.85440000,1.48564100
4.74291597,314.34060000,1.48564100
4.76339597,314.34060000,1.44062600
4.78387597,309.85440000,1.39576400
4.80435597,314.34060000,1.35074900
4.82483597,314.34060000,1.30573400
4.84531597,314.34060000,1.30573400
4.86579597,314.34060000,1.26072000
4.88627597,314.34060000,1.26072000
4.90675597,314.34060000,1.21585700
4.92723597,314.34060000,1.21585700
4.94771597,314.34060000,1.17084300
4.96819597,314.34060000,1.17084300
4.98867597,314.34060000,1.12582800
5.00915597,314.34060000,1.12582800
5.02963597,314.34060000,1.12582800
5.05011597,314.34060000,1.12582800
5.07059597,314.34060000,1.08081300
5.09107597,314.34060000,1.08081300
5.11155597,314.34060000,1.08081300
5.13203597,314.34060000,1.08081300
5.15251597,314.34060000,1.03595100
5.17299597,314.34060000,0.99093600
5.19347597,314.34060000,0.99093600
5.21395597,314.34060000,0.94592120
5.23443597,314.34060000,0.90090640
5.25491597,314.34060000,0.85604420
5.27539597,314.34060000,0.85604420
5.29587597,314.34060000,0.81102940
5.31635597,314.34060000,0.76601460
5.33683597,314.34060000,0.76601460
5.35731597,314.34060000,0.72099980
5.37779597,314.34060000,0.67613760
5.39827597,314.34060000,0.63112270
5.41875597,314.34060000,0.58610800
5.43923597,314.34060000,0.54109320
5.45971597,314.34060000,0.49623100
5.48019597,314.34060000,0.45121620
5.50067597,314.34060000,0.45121620
5.52115597,314.34060000,0.40620140
5.54163597,314.34060000,0.36118660
5.56211597,314.34060000,0.31632440
5.58259597,314.34060000,0.31632440
5.60307597,314.34060000,0.27130960
5.62355597,314.34060000,0.22629480
5.64403597,314.34060000,0.18127990
5.66451597,314.34060000,0.18127990
5.68499597,314.34060000,0.18127990
5.70547597,314.34060000,0.09140294
5.72595597,314.34060000,0.09140294
5.74643597,314.34060000,0.04638813
5.76691597,314.34060000,0.04638813
5.78739596,314.34060000,0.00137333
5.80787596,314.34060000,0.00137333
5.82835596,314.34060000,0.00137333
5.84883596,314.34060000,0.00137333
5.86931596,314.34060000,-0.04348888
5.88979596,314.34060000,0.00137333
5.91027596,314.34060000,-0.04348888
5.93075596,314.34060000,0.00137333
5.95123596,309.85440000,0.00137333
5.97171596,314.34060000,-0.04348888
5.99219596,309.85440000,0.00137333
6.01267596,309.85440000,0.00137333
6.03315596,309.85440000,0.00137333
6.05363596,314.34060000,0.00137333
6.07411596,309.85440000,0.00137333
6.09459596,309.85440000,0.00137333
6.11507596,309.85440000,0.00137333
6.13555596,309.85440000,0.00137333
6.15603596,309.85440000,0.00137333
6.17651596,309.85440000,-0.04348888
6.19699596,305.38350000,0.00137333
6.21747596,305.38350000,0.00137333
6.23795596,305.38350000,-0.04348888
6.25843596,305.38350000,0.00137333
6.27891596,305.38350000,0.00137333
6.29939596,300.89720000,-0.04348888
6.31987596,305.38350000,0.00137333
6.34035596,305.38350000,0.00137333
6.36083596,300.89720000,0.00137333
6.38131596,296.41100000,-0.04348888
6.40179596,296.41100000,0.00137333
6.42227596,296.41100000,0.00137333
6.44275596,296.41100000,-0.04348888
6.46323596,296.41100000,0.00137333
6.48371596,296.41100000,-0.04348888
6.50419596,296.41100000,0.00137333
6.52467596,287.45390000,0.00137333
6.54515596,287.45390000,0.00137333
6.56563596,287.45390000,0.00137333
6.58611596,287.45390000,0.00137333
6.60659596,287.45390000,0.00137333
6.62707596,282.96760000,0.00137333
6.64755596,278.49660000,-0.04348888
6.66803596,278.49660000,0.00137333
6.68851596,278.49660000,-0.04348888
6.70899596,278.49660000,-0.04348888
6.72947596,274.01040000,-0.04348888
6.74995596,269.53950000,0.00137333
6.77043596,274.01040000,0.00137333
6.79091596,269.53950000,0.00137333
6.81139596,269.53950000,0.00137333
6.83187596,269.53950000,0.00137333
6.85235596,269.53950000,-0.04348888
6.87283596,265.05330000,0.00137333
6.89331596,260.56700000,-0.04348888
6.91379596,260.56700000,0.00137333
6.93427596,260.56700000,0.00137333
6.95475596,260.56700000,0.00137333
6.97523596,260.56700000,0.00137333
6.99571596,256.09610000,0.00137333
7.01619596,256.09610000,0.00137333
7.03667596,256.09610000,0.00137333
7.05715596,256.09610000,0.00137333
7.07763596,251.60980000,0.00137333
7.09811596,251.60980000,0.00137333
7.11859596,251.60980000,-0.04348888
7.13907596,247.13890000,-0.04348888
7.15955596,242.65270000,0.00137333
7.18003596,242.65270000,-0.04348888
7.20051596,242.65270000,0.00137333
7.22099596,242.65270000,0.00137333
7.24147596,242.65270000,-0.04348888
7.26195596,242.65270000,-0.04348888
7.28243596,238.16650000,-0.04348888
7.30291596,238.16650000,0.00137333
7.32339596,238.16650000,0.00137333
7.34387596,233.69550000,-0.04348888
7.36435596,233.69550000,0.00137333
7.38483596,233.69550000,-0.04348888
7.40531596,233.69550000,0.00137333
7.42579595,233.69550000,0.00137333
7.44627595,233.69550000,-0.04348888
7.46675595,229.20930000,-0.04348888
7.48723595,224.73830000,-0.04348888
7.50771595,224.73830000,-0.04348888
7.52819595,224.73830000,-0.04348888
7.54867595,224.73830000,0.00137333
7.56915595,224.73830000,-0.04348888
7.58963595,220.25210000,-0.04348888
7.61011595,220.25210000,0.00137333
7.63059595,220.25210000,0.00137333
7.65107595,215.76590000,-0.04348888
7.67155595,215.76590000,-0.04348888
7.69203595,215.76590000,0.00137333
7.71251595,215.76590000,-0.04348888
7.73299595,211.29490000,-0.04348888
7.75347595,206.80870000,-0.04348888
7.77395595,206.80870000,-0.04348888
7.79443595,206.80870000,-0.04348888
7.81491595,206.80870000,-0.04348888
7.83539595,206.80870000,-0.04348888
7.85587595,202.32250000,-0.04348888
7.87635595,197.85150000,-0.04348888
7.89683595,202.32250000,-0.04348888
7.91731595,197.85150000,0.00137333
7.93779595,197.85150000,-0.04348888
7.95827595,193.36530000,-0.04348888
7.97875595,193.36530000,-0.04348888
7.99923595,188.89430000,-0.04348888
8.01971595,188.89430000,-0.04348888
8.04019595,188.89430000,-0.04348888
8.06067595,188.89430000,-0.04348888
8.08115595,184.40810000,-0.04348888
8.10163595,184.40810000,-0.04348888
8.12211595,179.92190000,0.00137333
8.14259595,179.92190000,0.00137333
8.16307595,179.92190000,-0.04348888
8.18355595,175.45090000,-0.04348888
8.20403595,170.96470000,0.00137333
8.22451595,170.96470000,-0.04348888
8.24499595,170.96470000,0.00137333
8.26547595,170.96470000,-0.04348888
8.28595595,166.49370000,-0.04348888
8.30643595,162.00750000,0.00137333
8.32691595,162.00750000,-0.04348888
8.34739595,162.00750000,0.00137333
8.36787595,162.00750000,-0.04348888
8.38835595,162.00750000,-0.04348888
8.40883595,157.52130000,-0.04348888
8.42931595,153.05030000,-0.04348888
8.44979595,153.05030000,0.00137333
8.47027595,153.05030000,0.00137333
8.49075595,153.05030000,-0.04348888
8.51123595,153.05030000,-0.04348888
8.53171595,148.56410000,0.00137333
8.55219595,144.09310000,0.00137333
8.57267595,144.09310000,0.00137333
8.59315595,139.60690000,-0.04348888
8.61363595,135.12070000,0.00137333
8.63411595,135.12070000,-0.04348888
8.65459595,135.12070000,0.00137333
8.67507595,130.64970000,0.00137333
8.69555595,130.64970000,-0.04348888
8.71603595,130.64970000,0.00137333
8.73651595,126.16350000,0.00137333
8.75699595,126.16350000,-0.04348888
8.77747595,121.69260000,-0.04348888
8.79795595,117.20630000,0.00137333
8.81843595,117.20630000,-0.04348888
8.83891595,117.20630000,-0.04348888
8.85939595,112.72010000,-0.04348888
8.87987595,112.72010000,-0.04348888
8.90035595,108.24920000,-0.04348888
8.92083595,108.24920000,-0.04348888
8.94131595,108.24920000,0.00137333
8.96179595,99.27671000,0.00137333
8.98227595,99.27671000,-0.04348888
9.00275595,99.27671000,0.00137333
9.02323595,99.27671000,0.00137333
9.04371595,94.80575000,-0.04348888
9.06419595,94.80575000,0.00137333
9.08467594,90.31953000,0.00137333
9.10515594,90.31953000,-0.04348888
9.12563594,90.31953000,0.00137333
9.14611594,90.31953000,0.00137333
9.16659594,85.84857000,0.00137333
9.18707594,81.36235000,0.00137333
9.20755594,81.36235000,-0.04348888
9.22803594,81.36235000,0.00137333
9.24851594,81.36235000,0.00137333
9.26899594,76.87613000,-0.04348888
9.28947594,76.87613000,0.00137333
9.30995594,72.40517000,0.00137333
9.33043594,72.40517000,0.00137333
9.35091594,67.91895000,0.00137333
9.37139594,63.44798000,0.00137333
9.39187594,63.44798000,-0.04348888
9.41235594,63.44798000,0.00137333
9.43283594,63.44798000,0.00137333
9.45331594,58.96176000,-0.04348888
9.47379594,58.96176000,0.00137333
9.49427594,54.47554000,0.00137333
9.51475594,54.47554000,0.00137333
9.53523594,54.47554000,-0.04348888
9.55571594,50.00458000,-0.04348888
9.57619594,50.00458000,-0.04348888
9.59667594,45.51836000,-0.04348888
9.61715594,41.04739000,0.00137333
9.63763594,41.04739000,-0.04348888
9.65811594,41.04739000,-0.04348888
9.67859594,36.56117000,-0.04348888
9.69907594,36.56117000,-0.04348888
9.71955594,36.56117000,-0.04348888
9.74003594,27.60399000,-0.04348888
9.76051594,27.60399000,-0.04348888
9.78099594,27.60399000,-0.04348888
9.80147594,23.11777000,-0.04348888
9.82195594,23.11777000,0.00137333
9.84243594,18.64681000,-0.04348888
9.86291594,18.64681000,-0.04348888
9.88339594,18.64681000,-0.04348888
9.90387594,14.17585000,-0.04348888
9.92435594,9.68962700,-0.04348888
9.94483594,9.68962700,-0.04348888
9.96531594,5.21866500,-0.04348888
9.98579594,5.21866500,-0.04348888
10.00627594,0.73244420,-0.04348888
10.02675594,0.73244420,-0.04348888
10.04723594,-3.75377700,-0.04348888
10.06771594,-8.22473800,-0.04348888
10.08819594,-8.22473800,-0.04348888
10.10867594,-8.22473800,-0.04348888
10.12915594,-12.71096000,-0.04348888
10.14963594,-12.71096000,0.00137333
10.17011594,-17.18192000,-0.04348888
10.19059594,-17.18192000,0.00137333
10.21107594,-26.15436000,-0.04348888
10.23155594,-26.15436000,-0.04348888
10.25203594,-26.15436000,-0.04348888
10.27251594,-26.15436000,-0.04348888
10.29299594,-30.62533000,-0.04348888
10.31347594,-35.11155000,-0.04348888
10.33395594,-35.11155000,-0.04348888
10.35443594,-35.11155000,-0.04348888
10.37491594,-39.58250000,-0.04348888
10.39539594,-39.58250000,-0.04348888
10.41587594,-44.06873000,-0.04348888
10.43635594,-44.06873000,-0.04348888
10.45683594,-44.06873000,-0.04348888
10.47731594,-48.55495000,-0.04348888
10.49779594,-53.02591000,0.00137333
10.51827594,-53.02591000,0.00137333
10.53875594,-53.02591000,-0.04348888
10.55923594,-53.02591000,-0.04348888
10.57971594,-57.51213000,-0.04348888
10.60019594,-61.98309000,-0.04348888
10.62067594,-61.98309000,-0.04348888
10.64115594,-61.98309000,-0.04348888
10.66163594,-61.98309000,-0.04348888
10.68211594,-66.46931000,-0.04348888
10.70259594,-70.95554000,-0.04348888
10.72307593,-70.95554000,-0.04348888
10.74355593,-70.95554000,-0.04348888
10.76403593,-75.42650000,-0.04348888
10.78451593,-79.91272000,0.00137333
10.80499593,-79.91272000,-0.04348888
10.82547593,-79.91272000,-0.04348888
10.84595593,-79.91272000,0.00137333
10.86643593,-84.39894000,-0.04348888
10.88691593,-88.86990000,-0.04348888
10.90739593,-84.39894000,-0.04348888
10.92787593,-88.86990000,-0.04348888
10.94835593,-88.86990000,0.00137333
10.96883593,-93.35612000,-0.04348888
10.98931593,-93.35612000,-0.04348888
11.00979593,-97.82708000,-0.04348888
11.03027593,-97.82708000,-0.04348888
11.05075593,-97.82708000,-0.04348888
11.07123593,-102.31330000,-0.04348888
11.09171593,-102.31330000,-0.04348888
11.11219593,-106.79950000,-0.04348888
11.13267593,-106.79950000,-0.04348888
11.15315593,-106.79950000,-0.04348888
11.17363593,-106.79950000,-0.04348888
11.19411593,-115.75670000,0.00137333
11.21459593,-115.75670000,-0.04348888
11.23507593,-115.75670000,0.00137333
11.25555593,-115.75670000,-0.04348888
11.27603593,-120.22770000,-0.04348888
11.29651593,-120.22770000,0.00137333
11.31699593,-120.22770000,-0.04348888
11.33747593,-124.71390000,-0.04348888
11.35795593,-124.71390000,0.00137333
11.37843593,-124.71390000,-0.04348888
11.39891593,-133.67110000,0.00137333
11.41939593,-133.67110000,0.00137333
11.43987593,-133.67110000,-0.04348888
11.46035593,-133.67110000,0.00137333
11.48083593,-133.67110000,0.00137333
11.50131593,-138.15730000,0.00137333
11.52179593,-138.15730000,0.00137333
11.54227593,-138.15730000,-0.04348888
11.56275593,-142.62830000,-0.04348888
11.58323593,-142.62830000,0.00137333
11.60371593,-147.11450000,-0.04348888
11.62419593,-147.11450000,-0.04348888
11.64467593,-151.60070000,0.00137333
11.66515593,-151.60070000,-0.04348888
11.68563593,-151.60070000,0.00137333
11.70611593,-151.60070000,0.00137333
11.72659593,-156.07170000,0.00137333
11.74707593,-160.55790000,0.00137333
11.76755593,-160.55790000,-0.04348888
11.78803593,-160.55790000,-0.04348888
11.80851593,-160.55790000,0.00137333
11.82899593,-169.51510000,-0.04348888
11.84947593,-169.51510000,0.00137333
11.86995593,-169.51510000,0.00137333
11.89043593,-169.51510000,0.00137333
11.91091593,-174.00130000,-0.04348888
11.93139593,-174.00130000,0.00137333
11.95187593,-178.47220000,0.00137333
11.97235593,-178.47220000,-0.04348888
11.99283593,-178.47220000,-0.04348888
12.01331593,-182.95850000,-0.04348888
12.03379593,-187.44470000,-0.04348888
12.05427593,-187.44470000,-0.04348888
12.07475593,-187.44470000,-0.04348888
12.09523593,-187.44470000,0.00137333
12.11571593,-191.91560000,-0.04348888
12.13619593,-191.91560000,-0.04348888
12.15667593,-196.40190000,-0.04348888
12.17715593,-196.40190000,-0.04348888
12.19763593,-196.40190000,-0.04348888
12.21811593,-200.87280000,0.00137333
12.23859593,-205.35910000,0.00137333
12.25907593,-200.87280000,-0.04348888
12.27955593,-205.35910000,-0.04348888
12.30003593,-205.35910000,-0.04348888
12.32051593,-205.35910000,-0.04348888
12.34099593,-209.84530000,0.00137333
12.36147592,-209.84530000,-0.04348888
12.38195592,-209.84530000,-0.04348888
12.40243592,-214.31620000,-0.04348888
12.42291592,-214.31620000,-0.04348888
12.44339592,-214.31620000,0.00137333
12.46387592,-218.80250000,-0.04348888
12.48435592,-223.27340000,-0.04348888
12.50483592,-223.27340000,-0.04348888
12.52531592,-223.27340000,-0.04348888
12.54579592,-227.75960000,-0.04348888
12.56627592,-227.75960000,-0.04348888
12.58675592,-232.24580000,-0.04348888
12.60723592,-232.24580000,-0.04348888
12.62771592,-232.24580000,-0.04348888
12.64819592,-232.24580000,-0.04348888
12.66867592,-236.71680000,-0.04348888
12.68915592,-236.71680000,-0.04348888
12.70963592,-241.20300000,-0.04348888
12.73011592,-241.20300000,-0.04348888
12.75059592,-241.20300000,-0.04348888
12.77107592,-245.67400000,-0.04348888
12.79155592,-245.67400000,0.00137333
12.81203592,-245.67400000,-0.04348888
12.83251592,-250.16020000,-0.04348888
12.85299592,-250.16020000,-0.04348888
12.87347592,-250.16020000,-0.04348888
12.89395592,-250.16020000,-0.04348888
12.91443592,-254.64640000,-0.04348888
12.93491592,-259.11740000,-0.04348888
12.95539592,-259.11740000,-0.04348888
12.97587592,-259.11740000,-0.04348888
12.99635592,-259.11740000,-0.04348888
13.01683592,-263.60360000,-0.04348888
13.03731592,-263.60360000,-0.04348888
13.05779592,-263.60360000,-0.04348888
13.07827592,-263.60360000,0.00137333
13.09875592,-268.08980000,-0.04348888
13.11923592,-268.08980000,-0.04348888
13.13971592,-272.56080000,0.00137333
13.16019592,-272.56080000,-0.04348888
13.18067592,-277.04700000,0.00137333
13.20115592,-272.56080000,-0.04348888
13.22163592,-277.04700000,0.00137333
13.24211592,-277.04700000,-0.04348888
13.26259592,-277.04700000,-0.04348888
13.28307592,-277.04700000,-0.04348888
13.30355592,-277.04700000,-0.04348888
13.32403592,-281.51800000,-0.04348888
13.34451592,-281.51800000,-0.04348888
13.36499592,-286.00420000,-0.04348888
13.38547592,-281.51800000,0.00137333
13.40595592,-286.00420000,-0.04348888
13.42643592,-286.00420000,0.00137333
13.44691592,-286.00420000,-0.04348888
13.46739592,-286.00420000,0.00137333
13.48787592,-286.00420000,0.00137333
13.50835592,-290.49040000,-0.04348888
13.52883592,-290.49040000,-0.04348888
13.54931592,-290.49040000,0.00137333
13.56979592,-294.96140000,-0.04348888
13.59027592,-294.96140000,0.00137333
13.61075592,-294.96140000,-0.04348888
13.63123592,-294.96140000,-0.04348888
13.65171592,-294.96140000,-0.04348888
13.67219592,-294.96140000,0.00137333
13.69267592,-294.96140000,0.00137333
13.71315592,-294.96140000,0.00137333
13.73363592,-299.44760000,0.00137333
13.75411592,-299.44760000,0.00137333
13.77459592,-299.44760000,0.00137333
13.79507592,-303.91860000,0.00137333
13.81555592,-299.44760000,0.00137333
13.83603592,-299.44760000,0.00137333
13.85651592,-303.91860000,0.00137333
13.87699592,-303.91860000,0.00137333
13.89747592,-303.91860000,-0.04348888
13.91795592,-303.91860000,0.00137333
13.93843592,-303.91860000,0.00137333
13.95891592,-303.91860000,-0.04348888
13.97939592,-303.91860000,0.00137333
13.99987592,-308.40480000,0.00137333
14.02035591,-308.40480000,0.00137333
14.04083591,-312.89100000,-0.04348888
14.06131591,-308.40480000,0.00137333
14.08179591,-308.40480000,0.00137333
14.10227591,-308.40480000,-0.08835109
14.12275591,-312.89100000,-0.13336590
14.14323591,-312.89100000,-0.26825770
14.16371591,-312.89100000,-0.44816430
14.18419591,-312.89100000,-0.58320870
14.20467591,-312.89100000,-0.71810050
14.22515591,-312.89100000,-0.89800720
14.24563591,-312.89100000,-1.03289900
14.26611591,-312.89100000,-1.21280600
14.28659591,-312.89100000,-1.30283500
14.30707591,-312.89100000,-1.43772700
14.32755591,-312.89100000,-1.52760400
14.34803591,-312.89100000,-1.61763400
14.36851591,-312.89100000,-1.66264800
14.38899591,-312.89100000,-1.75252500
14.40947591,-312.89100000,-1.79754000
14.42995591,-312.89100000,-1.84255500
14.45043591,-312.89100000,-1.84255500
14.47091591,-312.89100000,-1.84255500
14.49139591,-312.89100000,-1.84255500
14.51187591,-312.89100000,-1.84255500
14.53235591,-312.89100000,-1.84255500
14.55283591,-312.89100000,-1.84255500
14.57331591,-312.89100000,-1.84255500
14.59379591,-312.89100000,-1.79754000
14.61427591,-312.89100000,-1.79754000
14.63475591,-312.89100000,-1.75252500
14.65523591,-312.89100000,-1.66264800
14.67571591,-312.89100000,-1.70751100
14.69619591,-317.36200000,-1.66264800
14.71667591,-317.36200000,-1.61763400
14.73715591,-312.89100000,-1.57261900
14.75763591,-312.89100000,-1.57261900
14.77811591,-312.89100000,-1.52760400
14.79859591,-312.89100000,-1.48274200
14.81907591,-317.36200000,-1.43772700
14.83955591,-317.36200000,-1.39271200
14.86003591,-317.36200000,-1.39271200
14.88051591,-317.36200000,-1.34769700
14.90099591,-317.36200000,-1.34769700
14.92147591,-317.36200000,-1.34769700
14.94195591,-317.36200000,-1.25782000
14.96243591,-317.36200000,-1.25782000
14.98291591,-317.36200000,-1.21280600
15.00339591,-317.36200000,-1.21280600
15.02387591,-317.36200000,-1.21280600
15.04435591,-317.36200000,-1.21280600
15.06483591,-321.84820000,-1.16779100
15.08531591,-317.36200000,-1.16779100
15.10579591,-321.84820000,-1.16779100
15.12627591,-317.36200000,-1.12292900
15.14675591,-317.36200000,-1.12292900
15.16723591,-317.36200000,-1.07791400
15.18771591,-317.36200000,-1.07791400
15.20819591,-317.36200000,-1.03289900
15.22867591,-317.36200000,-0.98788420
15.24915591,-321.84820000,-0.98788420
15.26963591,-321.84820000,-0.94302190
15.29011591,-317.36200000,-0.89800720
15.31059591,-321.84820000,-0.89800720
15.33107591,-317.36200000,-0.85299230
15.35155591,-317.36200000,-0.80797760
15.37203591,-317.36200000,-0.76311530
15.39251591,-317.36200000,-0.71810050
15.41299591,-321.84820000,-0.71810050
15.43347591,-317.36200000,-0.62807090
15.45395591,-321.84820000,-0.62807090
15.47443591,-317.36200000,-0.58320870
15.49491591,-321.84820000,-0.53819390
15.51539591,-321.84820000,-0.49317910
15.53587591,-317.36200000,-0.44816430
15.55635591,-321.84820000,-0.40330210
15.57683591,-317.36200000,-0.35828730
15.59731591,-317.36200000,-0.31327250
15.61779591,-317.36200000,-0.26825770
15.63827591,-317.36200000,-0.17838070
15.65875590,-317.36200000,-0.17838070
15.67923590,-317.36200000,-0.17838070
15.69971590,-321.84820000,-0.13336590
15.72019590,-317.36200000,-0.08835109
15.74067590,-317.36200000,-0.04348888
15.76115590,-317.36200000,0.00137333
15.78163590,-317.36200000,0.00137333
15.80211590,-317.36200000,0.00137333
15.82259590,-317.36200000,0.00137333
15.84307590,-317.36200000,0.00137333
15.86355590,-317.36200000,0.00137333
15.88403590,-317.36200000,0.00137333
15.90451590,-317.36200000,0.00137333
15.92499590,-317.36200000,0.00137333
15.94547590,-317.36200000,0.00137333
15.96595590,-317.36200000,0.00137333
15.98643590,-317.36200000,0.00137333
16.00691590,-317.36200000,0.00137333
16.02739590,-312.89100000,0.00137333
16.04787590,-317.36200000,0.00137333
16.06835590,-312.89100000,0.00137333
16.08883590,-312.89100000,0.00137333
16.10931590,-312.89100000,0.00137333
16.12979590,-312.89100000,0.00137333
16.15027590,-312.89100000,0.00137333
16.17075590,-312.89100000,0.00137333
16.19123590,-312.89100000,0.00137333
16.21171590,-312.89100000,0.00137333
16.23219590,-312.89100000,0.00137333
16.25267590,-312.89100000,0.00137333
16.27315590,-308.40480000,0.00137333
16.29363590,-303.91860000,0.00137333
16.31411590,-308.40480000,0.00137333
16.33459590,-308.40480000,0.00137333
16.35507590,-303.91860000,0.00137333
16.37555590,-303.91860000,0.00137333
16.39603590,-303.91860000,0.00137333
16.41651590,-299.44760000,0.00137333
16.43699590,-299.44760000,0.00137333
16.45747590,-299.44760000,0.00137333
16.47795590,-294.96140000,0.00137333
16.49843590,-294.96140000,0.00137333
16.51891590,-294.96140000,0.00137333
16.53939590,-294.96140000,0.00137333
16.55987590,-290.49040000,0.00137333
16.58035590,-290.49040000,0.00137333
16.60083590,-286.00420000,0.00137333
16.62131590,-286.00420000,0.00137333
16.64179590,-286.00420000,0.00137333
16.66227590,-286.00420000,0.00137333
16.68275590,-281.51800000,0.00137333
16.70323590,-277.04700000,0.00137333
16.72371590,-281.51800000,0.00137333
16.74419590,-277.04700000,0.00137333
16.76467590,-277.04700000,0.00137333
16.78515590,-277.04700000,0.00137333
16.80563590,-277.04700000,0.00137333
16.82611590,-272.56080000,0.00137333
16.84659590,-268.08980000,0.00137333
16.86707590,-268.08980000,0.00137333
16.88755590,-268.08980000,0.00137333
16.90803590,-268.08980000,0.00137333
16.92851590,-263.60360000,0.00137333
16.94899590,-263.60360000,0.00137333
16.96947590,-263.60360000,0.00137333
16.98995590,-263.60360000,0.00137333
17.01043590,-259.11740000,0.00137333
17.03091590,-259.11740000,0.00137333
17.05139590,-259.11740000,0.00137333
17.07187590,-259.11740000,0.00137333
17.09235590,-254.64640000,0.00137333
17.11283590,-254.64640000,0.00137333
17.13331590,-250.16020000,0.00137333
17.15379590,-250.16020000,0.00137333
17.17427590,-250.16020000,0.00137333
17.19475590,-250.16020000,0.00137333
17.21523590,-250.16020000,0.00137333
17.23571590,-245.67400000,0.00137333
17.25619590,-245.67400000,0.00137333
17.27667590,-245.67400000,0.00137333
17.29715589,-241.20300000,0.00137333
17.31763589,-241.20300000,0.00137333
17.33811589,-241.20300000,0.00137333
17.35859589,-241.20300000,0.00137333
17.37907589,-236.71680000,0.00137333
17.39955589,-236.71680000,0.00137333
17.42003589,-236.71680000,0.00137333
17.44051589,-232.24580000,0.00137333
17.46099589,-232.24580000,0.00137333
17.48147589,-232.24580000,0.00137333
17.50195589,-232.24580000,0.00137333
17.52243589,-227.75960000,0.00137333
17.54291589,-227.75960000,0.00137333
17.56339589,-223.27340000,0.00137333
17.58387589,-223.27340000,0.00137333
17.60435589,-223.27340000,0.00137333
17.62483589,-223.27340000,0.00137333
17.64531589,-223.27340000,0.00137333
17.66579589,-218.80250000,0.00137333
17.68627589,-218.80250000,0.00137333
17.70675589,-214.31620000,0.00137333
17.72723589,-214.31620000,0.00137333
17.74771589,-214.31620000,0.00137333
17.76819589,-214.31620000,0.00137333
17.78867589,-209.84530000,0.00137333
17.80915589,-205.35910000,0.00137333
17.82963589,-205.35910000,0.00137333
17.85011589,-205.35910000,0.00137333
17.87059589,-205.35910000,0.00137333
17.89107589,-205.35910000,0.00137333
17.91155589,-200.87280000,0.00137333
17.93203589,-196.40190000,0.00137333
17.95251589,-196.40190000,0.00137333
17.97299589,-196.40190000,0.00137333
17.99347589,-196.40190000,0.00137333
18.01395589,-191.91560000,0.00137333
18.03443589,-187.44470000,0.00137333
18.05491589,-187.44470000,0.00137333
18.07539589,-187.44470000,0.00137333
18.09587589,-187.44470000,0.00137333
18.11635589,-187.44470000,0.00137333
18.13683589,-178.47220000,0.00137333
18.15731589,-178.47220000,0.00137333
18.17779589,-178.47220000,0.00137333
18.19827589,-178.47220000,0.00137333
18.21875589,-178.47220000,0.00137333
18.23923589,-174.00130000,0.00137333
18.25971589,-174.00130000,0.00137333
18.28019589,-169.51510000,0.00137333
18.30067589,-169.51510000,0.00137333
18.32115589,-169.51510000,0.00137333
18.34163589,-169.51510000,0.00137333
18.36211589,-165.02880000,0.00137333
18.38259589,-160.55790000,0.00137333
18.40307589,-160.55790000,0.00137333
18.42355589,-160.55790000,0.00137333
18.44403589,-156.07170000,0.00137333
18.46451589,-156.07170000,0.00137333
18.48499589,-151.60070000,0.00137333
18.50547589,-151.60070000,0.00137333
18.52595589,-151.60070000,0.00137333
18.54643589,-147.11450000,0.00137333
18.56691589,-142.62830000,0.00137333
18.58739589,-142.62830000,0.00137333
18.60787589,-142.62830000,0.00137333
18.62835589,-138.15730000,0.00137333
18.64883589,-138.15730000,0.00137333
18.66931589,-133.67110000,0.00137333
18.68979589,-133.67110000,0.04638813
18.71027589,-133.67110000,0.00137333
18.73075589,-133.67110000,0.00137333
18.75123589,-124.71390000,0.00137333
18.77171589,-124.71390000,0.00137333
18.79219589,-124.71390000,0.04638813
18.81267589,-120.22770000,0.04638813
18.83315589,-120.22770000,0.00137333
18.85363589,-115.75670000,0.04638813
18.87411589,-115.75670000,0.00137333
18.89459589,-111.27050000,0.04638813
18.91507589,-111.27050000,0.04638813
18.93555589,-106.79950000,0.04638813
18.95603588,-106.79950000,0.00137333
18.97651588,-106.79950000,0.04638813
18.99699588,-102.31330000,0.00137333
19.01747588,-102.31330000,0.04638813
19.03795588,-97.82708000,0.00137333
19.05843588,-97.82708000,0.00137333
19.07891588,-97.82708000,0.00137333
19.09939588,-93.35612000,0.00137333
19.11987588,-88.86990000,0.00137333
19.14035588,-88.86990000,0.00137333
19.16083588,-88.86990000,0.00137333
19.18131588,-84.39894000,0.04638813
19.20179588,-84.39894000,0.00137333
19.22227588,-84.39894000,0.04638813
19.24275588,-79.91272000,0.00137333
19.26323588,-79.91272000,0.00137333
19.28371588,-79.91272000,0.00137333
19.30419588,-75.42650000,0.00137333
19.32467588,-75.42650000,0.00137333
19.34515588,-70.95554000,0.00137333
19.36563588,-70.95554000,0.00137333
19.38611588,-66.46931000,0.00137333
19.40659588,-66.46931000,0.00137333
19.42707588,-61.98309000,0.00137333
19.44755588,-61.98309000,0.00137333
19.46803588,-61.98309000,0.00137333
19.48851588,-57.51213000,0.00137333
19.50899588,-57.51213000,0.00137333
19.52947588,-53.02591000,0.00137333
19.54995588,-53.02591000,0.00137333
19.57043588,-53.02591000,0.00137333
19.59091588,-48.55495000,0.00137333
19.61139588,-48.55495000,0.00137333
19.63187588,-48.55495000,0.00137333
19.65235588,-44.06873000,0.00137333
19.67283588,-44.06873000,0.00137333
19.69331588,-39.58250000,0.00137333
19.71379588,-35.11155000,0.00137333
19.73427588,-35.11155000,0.00137333
19.75475588,-35.11155000,0.00137333
19.77523588,-30.62533000,0.00137333
19.79571588,-26.15436000,0.00137333
19.81619588,-26.15436000,0.00137333
19.83667588,-26.15436000,0.00137333
19.85715588,-26.15436000,0.00137333
19.87763588,-17.18192000,0.00137333
19.89811588,-17.18192000,0.00137333
19.91859588,-17.18192000,0.00137333
19.93907588,-12.71096000,0.00137333
19.95955588,-12.71096000,0.00137333
19.98003588,-8.22473800,0.00137333
20.00051588,-8.22473800,0.00137333
20.02099588,-8.22473800,0.00137333
20.04147588,0.73244420,0.00137333
20.06195588,0.73244420,0.00137333
20.08243588,0.73244420,0.00137333
20.10291588,5.21866500,0.00137333
20.12339588,9.68962700,0.00137333
20.14387588,9.68962700,0.04638813
20.16435588,9.68962700,0.00137333
20.18483588,14.17585000,0.00137333
20.20531588,14.17585000,0.00137333
20.22579588,18.64681000,0.00137333
20.24627588,18.64681000,0.00137333
20.26675588,23.11777000,0.00137333
20.28723588,23.11777000,0.00137333
20.30771588,27.60399000,0.00137333
20.32819588,27.60399000,0.00137333
20.34867588,32.07495000,0.00137333
20.36915588,36.56117000,0.00137333
20.38963588,36.56117000,0.00137333
20.41011588,36.56117000,0.00137333
20.43059588,36.56117000,0.00137333
20.45107588,41.04739000,0.00137333
20.47155588,45.51836000,0.00137333
20.49203588,45.51836000,0.00137333
20.51251588,45.51836000,0.00137333
20.53299588,54.47554000,0.04638813
20.55347588,54.47554000,0.00137333
20.57395588,54.47554000,0.00137333
20.59443587,54.47554000,0.00137333
20.61491587,58.96176000,0.00137333
20.63539587,58.96176000,0.00137333
20.65587587,63.44798000,0.00137333
20.67635587,63.44798000,0.00137333
20.69683587,63.44798000,0.04638813
20.71731587,63.44798000,0.00137333
20.73779587,67.91895000,0.00137333
20.75827587,72.40517000,0.00137333
20.77875587,76.87613000,0.00137333
20.79923587,76.87613000,0.00137333
20.81971587,76.87613000,0.00137333
20.84019587,76.87613000,0.00137333
20.86067587,81.36235000,0.00137333
20.88115587,81.36235000,0.00137333
20.90163587,81.36235000,0.00137333
20.92211587,90.31953000,0.04638813
20.94259587,90.31953000,0.00137333
20.96307587,90.31953000,0.00137333
20.98355587,90.31953000,0.00137333
21.00403587,94.80575000,0.04638813
21.02451587,94.80575000,0.00137333
21.04499587,94.80575000,0.04638813
21.06547587,99.27671000,0.00137333
21.08595587,99.27671000,0.00137333
21.10643587,99.27671000,0.00137333
21.12691587,103.76290000,0.00137333
21.14739587,108.24920000,0.00137333
21.16787587,108.24920000,0.00137333
21.18835587,108.24920000,0.00137333
21.20883587,108.24920000,0.00137333
21.22931587,112.72010000,0.00137333
21.24979587,112.72010000,0.00137333
21.27027587,117.20630000,0.00137333
21.29075587,117.20630000,0.00137333
21.31123587,117.20630000,0.00137333
21.33171587,121.69260000,0.00137333
21.35219587,121.69260000,0.00137333
21.37267587,121.69260000,0.04638813
21.39315587,126.16350000,0.00137333
21.41363587,126.16350000,0.04638813
21.43411587,126.16350000,0.00137333
21.45459587,126.16350000,0.00137333
21.47507587,130.64970000,0.00137333
21.49555587,135.12070000,0.00137333
21.51603587,135.12070000,0.00137333
21.53651587,135.12070000,0.00137333
21.55699587,135.12070000,0.00137333
21.57747587,139.60690000,0.04638813
21.59795587,144.09310000,0.00137333
21.61843587,144.09310000,0.00137333
21.63891587,144.09310000,0.00137333
21.65939587,148.56410000,0.04638813
21.67987587,148.56410000,0.00137333
21.70035587,153.05030000,0.04638813
21.72083587,153.05030000,0.00137333
21.74131587,153.05030000,0.00137333
21.76179587,153.05030000,0.04638813
21.78227587,157.52130000,0.00137333
21.80275587,162.00750000,0.00137333
21.82323587,162.00750000,0.04638813
21.84371587,162.00750000,0.00137333
21.86419587,166.49370000,0.00137333
21.88467587,170.96470000,0.00137333
21.90515587,166.49370000,0.00137333
21.92563587,170.96470000,0.00137333
21.94611587,170.96470000,0.00137333
21.96659587,170.96470000,0.00137333
21.98707587,175.45090000,0.00137333
22.00755587,179.92190000,0.00137333
22.02803587,179.92190000,0.00137333
22.04851587,179.92190000,0.00137333
22.06899587,184.40810000,0.00137333
22.08947587,188.89430000,0.00137333
22.10995587,184.40810000,0.00137333
22.13043587,188.89430000,0.00137333
22.15091587,188.89430000,0.00137333
22.17139587,193.36530000,0.00137333
22.19187587,193.36530000,0.00137333
22.21235587,197.85150000,0.00137333
22.23283586,197.85150000,0.00137333
22.25331586,197.85150000,0.00137333
22.27379586,202.32250000,0.00137333
22.29427586,202.32250000,0.00137333
22.31475586,202.32250000,0.00137333
22.33523586,206.80870000,0.00137333
22.35571586,206.80870000,0.04638813
22.37619586,206.80870000,0.00137333
22.39667586,211.29490000,0.00137333
22.41715586,211.29490000,0.00137333
22.43763586,215.76590000,0.00137333
22.45811586,215.76590000,0.00137333
22.47859586,215.76590000,0.00137333
22.49907586,215.76590000,0.00137333
22.51955586,220.25210000,0.00137333
22.54003586,224.73830000,0.00137333
22.56051586,224.73830000,0.00137333
22.58099586,224.73830000,0.00137333
22.60147586,224.73830000,0.00137333
22.62195586,224.73830000,0.00137333
22.64243586,233.69550000,0.00137333
22.66291586,233.69550000,0.00137333
22.68339586,233.69550000,0.00137333
22.70387586,233.69550000,0.00137333
22.72435586,233.69550000,0.00137333
22.74483586,238.16650000,0.00137333
22.76531586,238.16650000,0.00137333
22.78579586,242.65270000,0.00137333
22.80627586,242.65270000,0.00137333
22.82675586,242.65270000,0.00137333
22.84723586,242.65270000,0.00137333
22.86771586,247.13890000,0.00137333
22.88819586,251.60980000,0.00137333
22.90867586,251.60980000,0.00137333
22.92915586,251.60980000,0.00137333
22.94963586,251.60980000,0.00137333
22.97011586,256.09610000,0.00137333
22.99059586,256.09610000,0.00137333
23.01107586,260.56700000,0.00137333
23.03155586,260.56700000,0.00137333
23.05203586,260.56700000,0.00137333
23.07251586,260.56700000,0.00137333
23.09299586,260.56700000,0.00137333
23.11347586,265.05330000,0.00137333
23.13395586,265.05330000,0.00137333
23.15443586,269.53950000,0.00137333
23.17491586,269.53950000,0.04638813
23.19539586,269.53950000,0.00137333
23.21587586,269.53950000,0.00137333
23.23635586,274.01040000,0.00137333
23.25683586,274.01040000,0.00137333
23.27731586,274.01040000,0.00137333
23.29779586,278.49660000,0.00137333
23.31827586,278.49660000,0.00137333
23.33875586,278.49660000,0.00137333
23.35923586,278.49660000,0.00137333
23.37971586,278.49660000,0.00137333
23.40019586,278.49660000,0.00137333
23.42067586,278.49660000,0.00137333
23.44115586,282.96760000,0.00137333
23.46163586,287.45390000,0.00137333
23.48211586,287.45390000,0.00137333
23.50259586,287.45390000,0.00137333
23.52307586,287.45390000,0.00137333
23.54355586,287.45390000,0.00137333
23.56403586,287.45390000,0.00137333
23.58451586,287.45390000,0.00137333
23.60499586,287.45390000,0.00137333
23.62547586,291.94010000,0.00137333
23.64595586,291.94010000,0.00137333
23.66643586,291.94010000,0.00137333
23.68691586,291.94010000,0.00137333
23.70739586,291.94010000,0.00137333
23.72787586,296.41100000,0.00137333
23.74835586,296.41100000,0.00137333
23.76883586,296.41100000,0.00137333
23.78931586,296.41100000,0.00137333
23.80979586,296.41100000,0.00137333
23.83027586,296.41100000,0.00137333
23.85075586,296.41100000,0.00137333
23.87123586,296.41100000,0.00137333
23.89171585,296.41100000,0.00137333
23.91219585,296.41100000,0.00137333
23.93267585,300.89720000,0.00137333
23.95315585,300.89720000,0.00137333
23.97363585,305.38350000,0.00137333
23.99411585,300.89720000,0.00137333
24.01459585,305.38350000,0.00137333
24.03507585,305.38350000,0.00137333
24.05555585,305.38350000,0.00137333
24.07603585,305.38350000,0.04638813
24.09651585,305.38350000,0.13641770
24.11699585,305.38350000,0.22629480
24.13747585,305.38350000,0.36118660
24.15795585,305.38350000,0.54109320
24.17843585,305.38350000,0.72099980
24.19891585,305.38350000,0.85604420
24.21939585,305.38350000,1.03595100
24.23987585,305.38350000,1.17084300
24.26035585,305.38350000,1.30573400
24.28083585,309.85440000,1.39576400
24.30131585,309.85440000,1.53065600
24.32179585,309.85440000,1.62053300
24.34227585,309.85440000,1.66554800
24.36275585,305.38350000,1.75557700
24.38323585,309.85440000,1.80043900
24.40371585,309.85440000,1.84545400
24.42419585,305.38350000,1.89046900
24.44467585,309.85440000,1.89046900
24.46515585,309.85440000,1.89046900
24.48563585,305.38350000,1.89046900
24.50611585,309.85440000,1.89046900
24.52659585,309.85440000,1.84545400
24.54707585,309.85440000,1.84545400
24.56755585,309.85440000,1.84545400
24.58803585,309.85440000,1.80043900
24.60851585,309.85440000,1.80043900
24.62899585,309.85440000,1.75557700
24.64947585,309.85440000,1.71056200
24.66995585,309.85440000,1.66554800
24.69043585,309.85440000,1.62053300
24.71091585,314.34060000,1.62053300
24.73139585,314.34060000,1.53065600
24.75187585,309.85440000,1.53065600
24.77235585,309.85440000,1.48564100
24.79283585,309.85440000,1.44062600
24.81331585,309.85440000,1.44062600
24.83379585,314.34060000,1.39576400
24.85427585,309.85440000,1.35074900
24.87475585,309.85440000,1.30573400
24.89523585,314.34060000,1.26072000
24.91571585,309.85440000,1.26072000
24.93619585,314.34060000,1.21585700
24.95667585,314.34060000,1.17084300
24.97715585,314.34060000,1.08081300
24.99763585,314.34060000,1.12582800
25.01811585,314.34060000,1.08081300
25.03859585,314.34060000,1.08081300
25.05907585,314.34060000,1.08081300
25.07955585,314.34060000,1.08081300
25.10003585,314.34060000,1.08081300
25.12051585,314.34060000,1.03595100
25.14099585,314.34060000,1.03595100
25.16147585,314.34060000,0.99093600
25.18195585,314.34060000,0.99093600
25.20243585,314.34060000,0.94592120
25.22291585,314.34060000,0.94592120
25.24339585,314.34060000,0.90090640
25.26387585,314.34060000,0.90090640
25.28435585,314.34060000,0.90090640
25.30483585,314.34060000,0.81102940
25.32531585,314.34060000,0.76601460
25.34579585,314.34060000,0.76601460
25.36627585,314.34060000,0.72099980
25.38675585,314.34060000,0.67613760
25.40723585,314.34060000,0.67613760
25.42771585,314.34060000,0.63112270
25.44819585,314.34060000,0.58610800
25.46867585,314.34060000,0.54109320
25.48915585,314.34060000,0.49623100
25.50963585,314.34060000,0.49623100
25.53011584,314.34060000,0.45121620
25.55059584,314.34060000,0.45121620
25.57107584,314.34060000,0.40620140
25.59155584,314.34060000,0.36118660
25.61203584,314.34060000,0.31632440
25.63251584,314.34060000,0.27130960
25.65299584,314.34060000,0.27130960
25.67347584,314.34060000,0.22629480
25.69395584,314.34060000,0.18127990
25.71443584,314.34060000,0.18127990
25.73491584,314.34060000,0.13641770
25.75539584,314.34060000,0.13641770
25.77587584,314.34060000,0.04638813
25.79635584,314.34060000,0.04638813
25.81683584,314.34060000,0.00137333
25.83731584,314.34060000,0.00137333
25.85779584,314.34060000,0.00137333
25.87827584,314.34060000,0.00137333
25.89875584,314.34060000,0.00137333
25.91923584,309.85440000,0.00137333
25.93971584,314.34060000,0.00137333
25.96019584,314.34060000,0.00137333
25.98067584,314.34060000,0.00137333
26.00115584,314.34060000,0.00137333
26.02163584,309.85440000,0.00137333
26.04211584,309.85440000,0.00137333
26.06259584,309.85440000,0.00137333
26.08307584,309.85440000,0.00137333
26.10355584,309.85440000,0.00137333
26.12403584,309.85440000,0.00137333
26.14451584,309.85440000,0.00137333
26.16499584,309.85440000,0.00137333
26.18547584,305.38350000,0.00137333
26.20595584,309.85440000,-0.04348888
26.22643584,305.38350000,0.00137333
26.24691584,305.38350000,0.00137333
26.26739584,305.38350000,0.00137333
26.28787584,305.38350000,0.00137333
26.30835584,305.38350000,0.00137333
26.32883584,300.89720000,0.00137333
26.34931584,300.89720000,0.00137333
26.36979584,300.89720000,0.00137333
26.39027584,296.41100000,0.00137333
26.41075584,296.41100000,-0.04348888
26.43123584,296.41100000,-0.04348888
26.45171584,296.41100000,0.00137333
26.47219584,296.41100000,0.00137333
26.49267584,291.94010000,0.00137333
26.51315584,291.94010000,0.00137333
26.53363584,291.94010000,0.00137333
26.55411584,287.45390000,-0.04348888
26.57459584,287.45390000,0.00137333
26.59507584,287.45390000,0.00137333
26.61555584,287.45390000,-0.04348888
26.63603584,278.49660000,-0.04348888
26.65651584,278.49660000,0.00137333
26.67699584,278.49660000,-0.04348888
26.69747584,278.49660000,0.00137333
26.71795584,278.49660000,0.00137333
26.73843584,274.01040000,0.00137333
26.75891584,274.01040000,-0.04348888
26.77939584,269.53950000,0.00137333
26.79987584,269.53950000,0.00137333
26.82035584,265.05330000,-0.04348888
26.84083584,269.53950000,-0.04348888
26.86131584,265.05330000,-0.04348888
26.88179584,260.56700000,0.00137333
26.90227584,260.56700000,-0.04348888
26.92275584,260.56700000,0.00137333
26.94323584,260.56700000,-0.04348888
26.96371584,260.56700000,-0.04348888
26.98419584,256.09610000,-0.04348888
27.00467584,256.09610000,0.00137333
27.02515584,256.09610000,-0.04348888
27.04563584,251.60980000,-0.04348888
27.06611584,251.60980000,-0.04348888
27.08659584,251.60980000,-0.04348888
27.10707584,251.60980000,0.00137333
27.12755584,251.60980000,-0.04348888
27.14803584,251.60980000,0.00137333
27.16851584,247.13890000,0.00137333
27.18899583,242.65270000,-0.04348888
27.20947583,242.65270000,-0.04348888
27.22995583,242.65270000,-0.04348888
27.25043583,242.65270000,0.00137333
27.27091583,242.65270000,0.00137333
27.29139583,238.16650000,0.00137333
27.31187583,238.16650000,-0.04348888
27.33235583,238.16650000,0.00137333
27.35283583,233.69550000,-0.04348888
27.37331583,233.69550000,0.00137333
27.39379583,233.69550000,-0.04348888
27.41427583,233.69550000,-0.04348888
27.43475583,233.69550000,-0.04348888
27.45523583,229.20930000,-0.04348888
27.47571583,229.20930000,-0.04348888
27.49619583,224.73830000,-0.04348888
27.51667583,224.73830000,0.00137333
27.53715583,224.73830000,-0.04348888
27.55763583,224.73830000,-0.04348888
27.57811583,224.73830000,-0.04348888
27.59859583,220.25210000,-0.04348888
27.61907583,220.25210000,-0.04348888
27.63955583,220.25210000,0.00137333
27.66003583,215.76590000,-0.04348888
27.68051583,215.76590000,-0.04348888
27.70099583,215.76590000,0.00137333
27.72147583,206.80870000,-0.04348888
27.74195583,206.80870000,0.00137333
27.76243583,206.80870000,0.00137333
27.78291583,206.80870000,-0.04348888
27.80339583,206.80870000,0.00137333
27.82387583,206.80870000,-0.04348888
27.84435583,202.32250000,-0.04348888
27.86483583,202.32250000,-0.04348888
27.88531583,197.85150000,-0.04348888
27.90579583,197.85150000,0.00137333
27.92627583,197.85150000,-0.04348888
27.94675583,197.85150000,-0.04348888
27.96723583,193.36530000,-0.04348888
27.98771583,188.89430000,0.00137333
28.00819583,188.89430000,0.00137333
28.02867583,188.89430000,-0.04348888
28.04915583,188.89430000,-0.04348888
28.06963583,184.40810000,-0.04348888
28.09011583,184.40810000,0.00137333
28.11059583,179.92190000,-0.04348888
28.13107583,179.92190000,-0.04348888
28.15155583,179.92190000,0.00137333
28.17203583,175.45090000,-0.04348888
28.19251583,170.96470000,0.00137333
28.21299583,170.96470000,0.00137333
28.23347583,170.96470000,0.00137333
28.25395583,170.96470000,-0.04348888
28.27443583,166.49370000,-0.04348888
28.29491583,166.49370000,0.00137333
28.31539583,162.00750000,-0.04348888
28.33587583,162.00750000,0.00137333
28.35635583,162.00750000,-0.04348888
28.37683583,162.00750000,0.00137333
28.39731583,157.52130000,-0.04348888
28.41779583,153.05030000,-0.04348888
28.43827583,153.05030000,0.00137333
28.45875583,153.05030000,-0.04348888
28.47923583,148.56410000,0.00137333
28.49971583,148.56410000,-0.04348888
28.52019583,144.09310000,-0.04348888
28.54067583,144.09310000,-0.04348888
28.56115583,144.09310000,0.00137333
28.58163583,139.60690000,0.00137333
28.60211583,139.60690000,0.00137333
28.62259583,135.12070000,-0.04348888
28.64307583,135.12070000,0.00137333
28.66355583,135.12070000,-0.04348888
28.68403583,130.64970000,0.00137333
28.70451583,126.16350000,-0.04348888
28.72499583,126.16350000,-0.04348888
28.74547583,126.16350000,0.00137333
28.76595583,121.69260000,0.00137333
28.78643583,117.20630000,0.00137333
28.80691583,117.20630000,0.00137333
28.82739582,117.20630000,0.00137333
28.84787582,112.72010000,0.00137333
28.86835582,112.72010000,0.00137333
28.88883582,108.24920000,0.00137333
28.90931582,108.24920000,-0.04348888
28.92979582,108.24920000,0.00137333
28.95027582,103.76290000,-0.04348888
28.97075582,99.27671000,-0.04348888
28.99123582,99.27671000,0.00137333
29.01171582,99.27671000,-0.04348888
29.03219582,99.27671000,0.00137333
29.05267582,94.80575000,0.00137333
29.07315582,94.80575000,-0.04348888
29.09363582,90.31953000,0.00137333
29.11411582,90.31953000,-0.04348888
29.13459582,90.31953000,-0.04348888
29.15507582,85.84857000,-0.04348888
29.17555582,85.84857000,-0.04348888
29.19603582,81.36235000,-0.04348888
29.21651582,81.36235000,-0.04348888
29.23699582,81.36235000,-0.04348888
29.25747582,76.87613000,0.00137333
29.27795582,76.87613000,-0.04348888
29.29843582,72.40517000,0.00137333
29.31891582,72.40517000,-0.04348888
29.33939582,72.40517000,-0.04348888
29.35987582,67.91895000,-0.04348888
29.38035582,63.44798000,0.00137333
29.40083582,63.44798000,-0.04348888
29.42131582,63.44798000,-0.04348888
29.44179582,63.44798000,-0.04348888
29.46227582,58.96176000,-0.04348888
29.48275582,58.96176000,-0.04348888
29.50323582,54.47554000,-0.04348888
29.52371582,54.47554000,-0.04348888
29.54419582,50.00458000,-0.04348888
29.56467582,45.51836000,-0.04348888
29.58515582,45.51836000,-0.04348888
29.60563582,41.04739000,-0.04348888
29.62611582,41.04739000,-0.04348888
29.64659582,36.56117000,-0.04348888
29.66707582,36.56117000,-0.04348888
29.68755582,36.56117000,-0.04348888
29.70803582,36.56117000,-0.04348888
29.72851582,27.60399000,-0.04348888
29.74899582,27.60399000,-0.04348888
29.76947582,27.60399000,0.00137333
29.78995582,23.11777000,0.00137333
29.81043582,23.11777000,-0.04348888
29.83091582,18.64681000,-0.04348888
29.85139582,18.64681000,-0.04348888
29.87187582,14.17585000,-0.04348888
29.89235582,9.68962700,-0.04348888
29.91283582,9.68962700,-0.04348888
29.93331582,9.68962700,-0.04348888
29.95379582,9.68962700,-0.04348888
29.97427582,5.21866500,-0.04348888
29.99475582,5.21866500,-0.04348888
30.01523582,0.73244420,-0.04348888
30.03571582,0.73244420,-0.04348888
30.05619582,-3.75377700,-0.04348888
30.07667582,-8.22473800,-0.04348888
30.09715582,-8.22473800,-0.04348888
30.11763582,-8.22473800,-0.04348888
30.13811582,-12.71096000,-0.04348888
30.15859582,-17.18192000,-0.04348888
30.17907582,-17.18192000,-0.04348888
30.19955582,-17.18192000,-0.04348888
30.22003582,-26.15436000,-0.04348888
30.24051582,-26.15436000,-0.04348888
30.26099582,-26.15436000,-0.04348888
30.28147582,-26.15436000,-0.04348888
30.30195582,-30.62533000,-0.04348888
30.32243582,-35.11155000,-0.04348888
30.34291582,-35.11155000,0.00137333
30.36339582,-35.11155000,-0.04348888
30.38387582,-39.58250000,-0.04348888
30.40435582,-44.06873000,-0.04348888
30.42483582,-44.06873000,-0.04348888
30.44531582,-44.06873000,-0.04348888
30.46579581,-48.55495000,-0.04348888
30.48627581,-48.55495000,-0.04348888
30.50675581,-53.02591000,-0.04348888
30.52723581,-53.02591000,-0.04348888
30.54771581,-53.02591000,-0.04348888
30.56819581,-53.02591000,0.00137333
30.58867581,-61.98309000,-0.04348888
30.60915581,-61.98309000,-0.04348888
30.62963581,-61.98309000,0.00137333
30.65011581,-61.98309000,-0.04348888
30.67059581,-66.46931000,0.00137333
30.69107581,-66.46931000,-0.04348888
30.71155581,-70.95554000,0.00137333
30.73203581,-70.95554000,-0.04348888
30.75251581,-75.42650000,-0.04348888
30.77299581,-79.91272000,-0.04348888
30.79347581,-79.91272000,0.00137333
30.81395581,-79.91272000,-0.04348888
30.83443581,-79.91272000,0.00137333
30.85491581,-84.39894000,-0.04348888
30.87539581,-84.39894000,-0.04348888
30.89587581,-88.86990000,-0.04348888
30.91635581,-88.86990000,-0.04348888
30.93683581,-88.86990000,0.00137333
30.95731581,-93.35612000,0.00137333
30.97779581,-93.35612000,-0.04348888
30.99827581,-97.82708000,0.00137333
31.01875581,-97.82708000,-0.04348888
31.03923581,-97.82708000,-0.04348888
31.05971581,-102.31330000,-0.04348888
31.08019581,-102.31330000,0.00137333
31.10067581,-106.79950000,0.00137333
31.12115581,-106.79950000,0.00137333
31.14163581,-106.79950000,0.00137333
31.16211581,-111.27050000,-0.04348888
31.18259581,-115.75670000,-0.04348888
31.20307581,-115.75670000,0.00137333
31.22355581,-115.75670000,0.00137333
31.24403581,-115.75670000,0.00137333
31.26451581,-120.22770000,0.00137333
31.28499581,-120.22770000,0.00137333
31.30547581,-120.22770000,-0.04348888
31.32595581,-124.71390000,0.00137333
31.34643581,-124.71390000,0.00137333
31.36691581,-124.71390000,0.00137333
31.38739581,-124.71390000,-0.04348888
31.40787581,-129.20010000,-0.04348888
31.42835581,-133.67110000,0.00137333
31.44883581,-133.67110000,-0.04348888
31.46931581,-133.67110000,-0.04348888
31.48979581,-133.67110000,0.00137333
31.51027581,-138.15730000,-0.04348888
31.53075581,-138.15730000,-0.04348888
31.55123581,-142.62830000,0.00137333
31.57171581,-142.62830000,-0.04348888
31.59219581,-142.62830000,-0.04348888
31.61267581,-147.11450000,-0.04348888
31.63315581,-151.60070000,0.00137333
31.65363581,-151.60070000,-0.04348888
31.67411581,-156.07170000,-0.04348888
31.69459581,-156.07170000,-0.04348888
31.71507581,-160.55790000,-0.04348888
31.73555581,-160.55790000,-0.04348888
31.75603581,-160.55790000,-0.04348888
31.77651581,-160.55790000,0.00137333
31.79699581,-160.55790000,-0.04348888
31.81747581,-169.51510000,-0.04348888
31.83795581,-169.51510000,-0.04348888
31.85843581,-169.51510000,-0.04348888
31.87891581,-169.51510000,-0.04348888
31.89939581,-169.51510000,-0.04348888
31.91987581,-174.00130000,-0.04348888
31.94035581,-178.47220000,-0.04348888
31.96083581,-178.47220000,-0.04348888
31.98131581,-178.47220000,-0.04348888
32.00179581,-178.47220000,-0.04348888
32.02227581,-187.44470000,-0.04348888
32.04275581,-187.44470000,-0.04348888
32.06323581,-187.44470000,-0.04348888
32.08371581,-187.44470000,-0.04348888
32.10419581,-191.91560000,-0.04348888
32.12467580,-191.91560000,-0.04348888
32.14515580,-196.40190000,-0.04348888
32.16563580,-196.40190000,-0.04348888
32.18611580,-196.40190000,-0.04348888
32.20659580,-196.40190000,-0.04348888
32.22707580,-200.87280000,-0.04348888
32.24755580,-200.87280000,-0.04348888
32.26803580,-205.35910000,-0.04348888
32.28851580,-205.35910000,-0.04348888
32.30899580,-205.35910000,-0.04348888
32.32947580,-205.35910000,-0.04348888
32.34995580,-209.84530000,0.00137333
32.37043580,-214.31620000,-0.04348888
32.39091580,-214.31620000,-0.04348888
32.41139580,-214.31620000,-0.04348888
32.43187580,-214.31620000,-0.04348888
32.45235580,-218.80250000,-0.04348888
32.47283580,-223.27340000,-0.04348888
32.49331580,-223.27340000,0.00137333
32.51379580,-223.27340000,-0.04348888
32.53427580,-223.27340000,-0.04348888
32.55475580,-223.27340000,-0.04348888
32.57523580,-227.75960000,-0.04348888
32.59571580,-227.75960000,0.00137333
32.61619580,-232.24580000,0.00137333
32.63667580,-232.24580000,-0.04348888
32.65715580,-232.24580000,-0.04348888
32.67763580,-236.71680000,-0.04348888
32.69811580,-241.20300000,-0.04348888
32.71859580,-241.20300000,-0.04348888
32.73907580,-241.20300000,-0.04348888
32.75955580,-241.20300000,-0.04348888
32.78003580,-250.16020000,0.00137333
32.80051580,-245.67400000,-0.04348888
32.82099580,-250.16020000,0.00137333
32.84147580,-250.16020000,-0.04348888
32.86195580,-250.16020000,-0.04348888
32.88243580,-254.64640000,0.00137333
32.90291580,-254.64640000,-0.04348888
32.92339580,-259.11740000,-0.04348888
32.94387580,-259.11740000,-0.04348888
32.96435580,-259.11740000,-0.04348888
32.98483580,-259.11740000,0.00137333
33.00531580,-259.11740000,-0.04348888
33.02579580,-263.60360000,0.00137333
33.04627580,-263.60360000,0.00137333
33.06675580,-268.08980000,0.00137333
33.08723580,-268.08980000,0.00137333
33.10771580,-268.08980000,-0.04348888
33.12819580,-268.08980000,0.00137333
33.14867580,-272.56080000,-0.04348888
33.16915580,-272.56080000,0.00137333
33.18963580,-277.04700000,0.00137333
33.21011580,-277.04700000,0.00137333
33.23059580,-277.04700000,0.00137333
33.25107580,-277.04700000,0.00137333
33.27155580,-277.04700000,-0.04348888
33.29203580,-277.04700000,0.00137333
33.31251580,-281.51800000,0.00137333
33.33299580,-281.51800000,0.00137333
33.35347580,-281.51800000,-0.04348888
33.37395580,-286.00420000,-0.04348888
33.39443580,-286.00420000,0.00137333
33.41491580,-286.00420000,0.00137333
33.43539580,-286.00420000,0.00137333
33.45587580,-286.00420000,0.00137333
33.47635580,-286.00420000,0.00137333
33.49683580,-290.49040000,0.00137333
33.51731580,-290.49040000,0.00137333
33.53779580,-294.96140000,0.00137333
33.55827580,-294.96140000,0.00137333
33.57875580,-294.96140000,0.00137333
33.59923580,-294.96140000,0.00137333
33.61971580,-294.96140000,0.00137333
33.64019580,-294.96140000,0.00137333
33.66067580,-294.96140000,0.00137333
33.68115580,-294.96140000,0.00137333
33.70163580,-294.96140000,0.00137333
33.72211580,-294.96140000,0.00137333
33.74259580,-294.96140000,0.00137333
33.76307579,-299.44760000,0.00137333
33.78355579,-299.44760000,-0.04348888
33.80403579,-299.44760000,0.00137333
33.82451579,-299.44760000,-0.04348888
33.84499579,-299.44760000,0.00137333
33.86547579,-303.91860000,0.00137333
33.88595579,-303.91860000,0.00137333
33.90643579,-303.91860000,0.00137333
33.92691579,-303.91860000,0.00137333
33.94739579,-303.91860000,-0.04348888
33.96787579,-303.91860000,0.00137333
33.98835579,-303.91860000,-0.04348888
34.00883579,-303.91860000,-0.04348888
34.02931579,-308.40480000,-0.04348888
34.04979579,-303.91860000,-0.13336590
34.07027579,-312.89100000,-0.22339550
34.09075579,-308.40480000,-0.40330210
34.11123579,-312.89100000,-0.53819390
34.13171579,-312.89100000,-0.71810050
34.15219579,-308.40480000,-0.89800720
34.17267579,-312.89100000,-1.12292900
34.19315579,-308.40480000,-1.25782000
34.21363579,-308.40480000,-1.43772700
34.23411579,-312.89100000,-1.61763400
34.25459579,-312.89100000,-1.70751100
34.27507579,-312.89100000,-1.84255500
34.29555579,-312.89100000,-1.97744700
34.31603579,-312.89100000,-2.02246200
34.33651579,-312.89100000,-2.06732400
34.35699579,-312.89100000,-2.11233900
34.37747579,-312.89100000,-2.15735300
34.39795579,-312.89100000,-2.15735300
34.41843579,-312.89100000,-2.15735300
34.43891579,-312.89100000,-2.15735300
34.45939579,-312.89100000,-2.11233900
34.47987579,-312.89100000,-2.11233900
34.50035579,-312.89100000,-2.11233900
34.52083579,-312.89100000,-2.06732400
34.54131579,-312.89100000,-2.02246200
34.56179579,-312.89100000,-1.97744700
34.58227579,-312.89100000,-1.93243200
34.60275579,-312.89100000,-1.88741700
34.62323579,-312.89100000,-1.84255500
34.64371579,-312.89100000,-1.79754000
34.66419579,-312.89100000,-1.75252500
34.68467579,-312.89100000,-1.70751100
34.70515579,-312.89100000,-1.66264800
34.72563579,-317.36200000,-1.61763400
34.74611579,-312.89100000,-1.57261900
34.76659579,-317.36200000,-1.52760400
34.78707579,-317.36200000,-1.52760400
34.80755579,-317.36200000,-1.48274200
34.82803579,-317.36200000,-1.43772700
34.84851579,-317.36200000,-1.39271200
34.86899579,-317.36200000,-1.34769700
34.88947579,-317.36200000,-1.30283500
34.90995579,-317.36200000,-1.25782000
34.93043579,-317.36200000,-1.25782000
34.95091579,-317.36200000,-1.21280600
34.97139579,-317.36200000,-1.16779100
34.99187579,-317.36200000,-1.16779100
35.01235579,-317.36200000,-1.12292900
35.03283579,-317.36200000,-1.12292900
35.05331579,-317.36200000,-1.12292900
35.07379579,-317.36200000,-1.12292900
35.09427579,-317.36200000,-1.07791400
35.11475579,-317.36200000,-1.07791400
35.13523579,-317.36200000,-1.07791400
35.15571579,-317.36200000,-1.03289900
35.17619579,-317.36200000,-1.03289900
35.19667579,-317.36200000,-0.98788420
35.21715579,-317.36200000,-0.98788420
35.23763579,-321.84820000,-0.94302190
35.25811579,-317.36200000,-0.89800720
35.27859579,-321.84820000,-0.89800720
35.29907579,-317.36200000,-0.85299230
35.31955579,-317.36200000,-0.80797760
35.34003579,-321.84820000,-0.76311530
35.36051579,-317.36200000,-0.71810050
35.38099579,-321.84820000,-0.71810050
35.40147578,-317.36200000,-0.67308570
35.42195578,-317.36200000,-0.62807090
35.44243578,-317.36200000,-0.58320870
35.46291578,-317.36200000,-0.53819390
35.48339578,-317.36200000,-0.53819390
35.50387578,-321.84820000,-0.53819390
35.52435578,-317.36200000,-0.49317910
35.54483578,-321.84820000,-0.40330210
35.56531578,-317.36200000,-0.40330210
35.58579578,-317.36200000,-0.35828730
35.60627578,-317.36200000,-0.35828730
35.62675578,-317.36200000,-0.31327250
35.64723578,-317.36200000,-0.26825770
35.66771578,-321.84820000,-0.22339550
35.68819578,-317.36200000,-0.17838070
35.70867578,-321.84820000,-0.17838070
35.72915578,-317.36200000,-0.13336590
35.74963578,-317.36200000,-0.13336590
35.77011578,-317.36200000,-0.08835109
35.79059578,-317.36200000,-0.04348888
35.81107578,-317.36200000,0.00137333
35.83155578,-317.36200000,0.00137333
35.85203578,-317.36200000,0.00137333
35.87251578,-317.36200000,0.00137333
35.89299578,-317.36200000,0.00137333
35.91347578,-317.36200000,0.00137333
35.93395578,-317.36200000,0.00137333
35.95443578,-317.36200000,0.00137333
35.97491578,-317.36200000,0.00137333
35.99539578,-312.89100000,0.00137333
36.01587578,-312.89100000,0.00137333
36.03635578,-317.36200000,0.00137333
36.05683578,-312.89100000,0.00137333
36.07731578,-312.89100000,0.00137333
36.09779578,-312.89100000,0.00137333
36.11827578,-312.89100000,0.00137333
36.13875578,-312.89100000,0.00137333
36.15923578,-312.89100000,0.00137333
36.17971578,-312.89100000,0.00137333
36.20019578,-312.89100000,0.00137333
36.22067578,-312.89100000,0.00137333
36.24115578,-312.89100000,0.00137333
36.26163578,-308.40480000,0.00137333
36.28211578,-308.40480000,0.00137333
36.30259578,-308.40480000,0.00137333
36.32307578,-308.40480000,0.00137333
36.34355578,-308.40480000,0.00137333
36.36403578,-303.91860000,0.00137333
36.38451578,-303.91860000,0.00137333
36.40499578,-303.91860000,0.00137333
36.42547578,-303.91860000,0.00137333
36.44595578,-299.44760000,0.00137333
36.46643578,-299.44760000,0.00137333
36.48691578,-299.44760000,0.00137333
36.50739578,-294.96140000,0.00137333
36.52787578,-294.96140000,0.00137333
36.54835578,-294.96140000,0.00137333
36.56883578,-294.96140000,0.00137333
36.58931578,-290.49040000,0.00137333
36.60979578,-286.00420000,0.00137333
36.63027578,-286.00420000,0.00137333
36.65075578,-286.00420000,0.00137333
36.67123578,-281.51800000,0.00137333
36.69171578,-281.51800000,0.00137333
36.71219578,-281.51800000,0.00137333
36.73267578,-277.04700000,0.00137333
36.75315578,-277.04700000,0.00137333
36.77363578,-277.04700000,0.00137333
36.79411578,-277.04700000,0.00137333
36.81459578,-272.56080000,0.00137333
36.83507578,-277.04700000,0.00137333
36.85555578,-268.08980000,0.00137333
36.87603578,-268.08980000,0.00137333
36.89651578,-268.08980000,0.00137333
36.91699578,-268.08980000,0.00137333
36.93747578,-268.08980000,0.00137333
36.95795578,-263.60360000,0.00137333
36.97843578,-259.11740000,0.00137333
36.99891578,-263.60360000,0.00137333
37.01939578,-259.11740000,0.00137333
37.03987578,-259.11740000,0.00137333
37.06035577,-259.11740000,0.00137333
37.08083577,-259.11740000,0.00137333
37.10131577,-254.64640000,0.00137333
37.12179577,-254.64640000,0.00137333
37.14227577,-250.16020000,0.00137333
37.16275577,-250.16020000,0.00137333
37.18323577,-250.16020000,0.00137333
37.20371577,-250.16020000,0.00137333
37.22419577,-245.67400000,0.00137333
37.24467577,-245.67400000,0.00137333
37.26515577,-245.67400000,0.00137333
37.28563577,-241.20300000,0.00137333
37.30611577,-241.20300000,0.00137333
37.32659577,-241.20300000,0.00137333
37.34707577,-241.20300000,0.00137333
37.36755577,-241.20300000,0.00137333
37.38803577,-236.71680000,0.00137333
37.40851577,-236.71680000,0.00137333
37.42899577,-232.24580000,0.00137333
37.44947577,-232.24580000,0.00137333
37.46995577,-232.24580000,0.00137333
37.49043577,-232.24580000,0.00137333
37.51091577,-227.75960000,0.00137333
37.53139577,-227.75960000,0.00137333
37.55187577,-227.75960000,0.00137333
37.57235577,-223.27340000,0.00137333
37.59283577,-223.27340000,0.04638813
37.61331577,-223.27340000,0.00137333
37.63379577,-223.27340000,0.00137333
37.65427577,-223.27340000,0.00137333
37.67475577,-218.80250000,0.00137333
37.69523577,-214.31620000,0.00137333
37.71571577,-214.31620000,0.00137333
37.73619577,-214.31620000,0.00137333
37.75667577,-214.31620000,0.04638813
37.77715577,-209.84530000,0.00137333
37.79763577,-209.84530000,0.00137333
37.81811577,-205.35910000,0.00137333
37.83859577,-205.35910000,0.00137333
37.85907577,-205.35910000,0.00137333
37.87955577,-200.87280000,0.00137333
37.90003577,-200.87280000,0.00137333
37.92051577,-196.40190000,0.00137333
37.94099577,-196.40190000,0.04638813
37.96147577,-196.40190000,0.04638813
37.98195577,-196.40190000,0.00137333
38.00243577,-191.91560000,0.00137333
38.02291577,-191.91560000,0.00137333
38.04339577,-191.91560000,0.00137333
38.06387577,-187.44470000,0.00137333
38.08435577,-187.44470000,0.00137333
38.10483577,-187.44470000,0.00137333
38.12531577,-182.95850000,0.00137333
38.14579577,-182.95850000,0.00137333
38.16627577,-178.47220000,0.00137333
38.18675577,-178.47220000,0.00137333
38.20723577,-174.00130000,0.00137333
38.22771577,-174.00130000,0.00137333
38.24819577,-174.00130000,0.00137333
38.26867577,-169.51510000,0.00137333
38.28915577,-169.51510000,0.00137333
38.30963577,-169.51510000,0.00137333
38.33011577,-169.51510000,0.04638813
38.35059577,-165.02880000,0.00137333
38.37107577,-160.55790000,0.04638813
38.39155577,-160.55790000,0.00137333
38.41203577,-160.55790000,0.00137333
38.43251577,-156.07170000,0.00137333
38.45299577,-151.60070000,0.04638813
38.47347577,-151.60070000,0.00137333
38.49395577,-151.60070000,0.00137333
38.51443577,-151.60070000,0.04638813
38.53491577,-151.60070000,0.04638813
38.55539577,-147.11450000,0.00137333
38.57587577,-142.62830000,0.00137333
38.59635577,-142.62830000,0.00137333
38.61683577,-142.62830000,0.00137333
38.63731577,-138.15730000,0.04638813
38.65779577,-133.67110000,0.00137333
38.67827577,-133.67110000,0.00137333
38.69875576,-133.67110000,0.00137333
38.71923576,-133.67110000,0.00137333
38.73971576,-129.20010000,0.00137333
38.76019576,-124.71390000,0.04638813
38.78067576,-124.71390000,0.04638813
38.80115576,-124.71390000,0.00137333
38.82163576,-120.22770000,0.00137333
38.84211576,-120.22770000,0.00137333
38.86259576,-115.75670000,0.00137333
38.88307576,-115.75670000,0.00137333
38.90355576,-111.27050000,0.00137333
38.92403576,-106.79950000,0.00137333
38.94451576,-106.79950000,0.00137333
38.96499576,-106.79950000,0.00137333
38.98547576,-102.31330000,0.00137333
39.00595576,-102.31330000,0.00137333
39.02643576,-102.31330000,0.00137333
39.04691576,-97.82708000,0.00137333
39.06739576,-97.82708000,0.00137333
39.08787576,-97.82708000,0.00137333
39.10835576,-93.35612000,0.00137333
39.12883576,-88.86990000,0.00137333
39.14931576,-88.86990000,0.00137333
39.16979576,-88.86990000,0.00137333
39.19027576,-84.39894000,0.00137333
39.21075576,-84.39894000,0.00137333
39.23123576,-79.91272000,0.00137333
39.25171576,-79.91272000,0.00137333
39.27219576,-79.91272000,0.00137333
39.29267576,-79.91272000,0.00137333
39.31315576,-75.42650000,0.00137333
39.33363576,-70.95554000,0.00137333
39.35411576,-70.95554000,0.00137333
39.37459576,-70.95554000,0.00137333
39.39507576,-70.95554000,0.00137333
39.41555576,-66.46931000,0.00137333
39.43603576,-61.98309000,0.00137333
39.45651576,-61.98309000,0.00137333
39.47699576,-61.98309000,0.00137333
39.49747576,-57.51213000,0.00137333
39.51795576,-53.02591000,0.00137333
39.53843576,-53.02591000,0.00137333
39.55891576,-53.02591000,0.00137333
39.57939576,-53.02591000,0.00137333
39.59987576,-48.55495000,0.00137333
39.62035576,-48.55495000,0.00137333
39.64083576,-44.06873000,0.00137333
39.66131576,-44.06873000,0.00137333
39.68179576,-44.06873000,0.00137333
39.70227576,-35.11155000,0.00137333
39.72275576,-35.11155000,0.00137333
39.74323576,-35.11155000,0.00137333
39.76371576,-30.62533000,0.00137333
39.78419576,-30.62533000,0.00137333
39.80467576,-26.15436000,0.00137333
39.82515576,-26.15436000,0.00137333
39.84563576,-26.15436000,0.00137333
39.86611576,-26.15436000,0.00137333
39.88659576,-17.18192000,0.00137333
39.90707576,-17.18192000,0.00137333
39.92755576,-17.18192000,0.00137333
39.94803576,-12.71096000,0.00137333
39.96851576,-8.22473800,0.00137333
39.98899576,-8.22473800,0.00137333
40.00947576,-8.22473800,0.00137333
40.02995576,-3.75377700,0.00137333
40.05043576,0.73244420,0.00137333
40.07091576,0.73244420,0.00137333
40.09139576,5.21866500,0.00137333
40.11187576,5.21866500,0.00137333
40.13235576,9.68962700,0.00137333
40.15283576,9.68962700,0.00137333
40.17331576,14.17585000,0.00137333
40.19379576,14.17585000,0.00137333
40.21427576,18.64681000,0.00137333
40.23475576,18.64681000,0.00137333
40.25523576,23.11777000,0.00137333
40.27571576,23.11777000,0.00137333
40.29619576,27.60399000,0.00137333
40.31667576,27.60399000,0.04638813
40.33715575,27.60399000,0.04638813
40.35763575,36.56117000,0.04638813
40.37811575,36.56117000,0.04638813
40.39859575,36.56117000,0.04638813
40.41907575,36.56117000,0.04638813
40.43955575,41.04739000,0.00137333
40.46003575,41.04739000,0.00137333
40.48051575,45.51836000,0.00137333
40.50099575,45.51836000,0.00137333
40.52147575,50.00458000,0.00137333
40.54195575,54.47554000,0.00137333
40.56243575,54.47554000,0.00137333
40.58291575,54.47554000,0.04638813
40.60339575,54.47554000,0.00137333
40.62387575,58.96176000,0.00137333
40.64435575,58.96176000,0.00137333
40.66483575,63.44798000,0.00137333
40.68531575,63.44798000,0.00137333
40.70579575,63.44798000,0.00137333
40.72627575,67.91895000,0.04638813
40.74675575,72.40517000,0.04638813
40.76723575,72.40517000,0.00137333
40.78771575,76.87613000,0.00137333
40.80819575,76.87613000,0.00137333
40.82867575,81.36235000,0.00137333
40.84915575,81.36235000,0.00137333
40.86963575,81.36235000,0.00137333
40.89011575,81.36235000,0.00137333
40.91059575,81.36235000,0.00137333
40.93107575,85.84857000,0.00137333
40.95155575,90.31953000,0.04638813
40.97203575,90.31953000,0.00137333
40.99251575,90.31953000,0.00137333
41.01299575,94.80575000,0.00137333
41.03347575,99.27671000,0.00137333
41.05395575,99.27671000,0.04638813
41.07443575,99.27671000,0.00137333
41.09491575,99.27671000,0.04638813
41.11539575,103.76290000,0.00137333
41.13587575,108.24920000,0.00137333
41.15635575,108.24920000,0.00137333
41.17683575,108.24920000,0.00137333
41.19731575,108.24920000,0.00137333
41.21779575,112.72010000,0.00137333
41.23827575,112.72010000,0.00137333
41.25875575,117.20630000,0.00137333
41.27923575,117.20630000,0.00137333
41.29971575,117.20630000,0.00137333
41.32019575,117.20630000,0.00137333
41.34067575,117.20630000,0.00137333
41.36115575,117.20630000,0.00137333
41.38163575,126.16350000,0.00137333
41.40211575,126.16350000,0.00137333
41.42259575,126.16350000,0.00137333
41.44307575,126.16350000,0.00137333
41.46355575,130.64970000,0.00137333
41.48403575,130.64970000,0.00137333
41.50451575,135.12070000,0.00137333
41.52499575,135.12070000,0.00137333
41.54547575,135.12070000,0.00137333
41.56595575,135.12070000,0.00137333
41.58643575,144.09310000,0.00137333
41.60691575,144.09310000,0.00137333
41.62739575,144.09310000,0.00137333
41.64787575,144.09310000,0.00137333
41.66835575,148.56410000,0.00137333
41.68883575,153.05030000,0.00137333
41.70931575,153.05030000,0.00137333
41.72979575,153.05030000,0.00137333
41.75027575,153.05030000,0.00137333
41.77075575,153.05030000,0.00137333
41.79123575,157.52130000,0.00137333
41.81171575,162.00750000,0.00137333
41.83219575,162.00750000,0.00137333
41.85267575,166.49370000,0.00137333
41.87315575,162.00750000,0.00137333
41.89363575,166.49370000,0.00137333
41.91411575,170.96470000,0.00137333
41.93459575,170.96470000,0.00137333
41.95507575,170.96470000,0.00137333
41.97555575,179.92190000,0.00137333
41.99603574,175.45090000,0.00137333
42.01651574,179.92190000,0.00137333
42.03699574,179.92190000,0.00137333
42.05747574,184.40810000,0.00137333
42.07795574,179.92190000,0.00137333
42.09843574,188.89430000,0.00137333
42.11891574,188.89430000,0.00137333
42.13939574,188.89430000,0.00137333
42.15987574,188.89430000,0.00137333
42.18035574,188.89430000,0.00137333
42.20083574,197.85150000,0.00137333
42.22131574,197.85150000,0.00137333
42.24179574,197.85150000,0.00137333
42.26227574,197.85150000,0.00137333
42.28275574,202.32250000,0.00137333
42.30323574,202.32250000,0.00137333
42.32371574,206.80870000,0.00137333
42.34419574,206.80870000,0.00137333
42.36467574,206.80870000,0.00137333
42.38515574,211.29490000,0.00137333
42.40563574,211.29490000,0.00137333
42.42611574,215.76590000,0.00137333
42.44659574,215.76590000,0.00137333
42.46707574,215.76590000,0.00137333
42.48755574,220.25210000,0.00137333
42.50803574,220.25210000,0.00137333
42.52851574,220.25210000,0.00137333
42.54899574,224.73830000,0.00137333
42.56947574,224.73830000,0.00137333
42.58995574,224.73830000,0.00137333
42.61043574,224.73830000,0.00137333
42.63091574,229.20930000,0.00137333
42.65139574,233.69550000,0.00137333
42.67187574,233.69550000,0.00137333
42.69235574,233.69550000,0.04638813
42.71283574,238.16650000,0.00137333
42.73331574,238.16650000,0.00137333
42.75379574,238.16650000,0.00137333
42.77427574,242.65270000,0.00137333
42.79475574,242.65270000,0.00137333
42.81523574,242.65270000,0.00137333
42.83571574,242.65270000,0.00137333
42.85619574,242.65270000,0.00137333
42.87667574,247.13890000,0.00137333
42.89715574,247.13890000,0.00137333
42.91763574,251.60980000,0.00137333
42.93811574,251.60980000,0.00137333
42.95859574,251.60980000,0.00137333
42.97907574,256.09610000,0.00137333
42.99955574,256.09610000,0.00137333
43.02003574,256.09610000,0.00137333
43.04051574,260.56700000,0.00137333
43.06099574,260.56700000,0.00137333
43.08147574,260.56700000,0.00137333
43.10195574,260.56700000,0.00137333
43.12243574,265.05330000,0.00137333
43.14291574,269.53950000,0.00137333
43.16339574,269.53950000,0.04638813
43.18387574,269.53950000,0.00137333
43.20435574,269.53950000,0.00137333
43.22483574,269.53950000,0.00137333
43.24531574,274.01040000,0.00137333
43.26579574,278.49660000,0.00137333
43.28627574,278.49660000,0.00137333
43.30675574,278.49660000,0.00137333
43.32723574,278.49660000,0.00137333
43.34771574,278.49660000,0.00137333
43.36819574,278.49660000,0.00137333
43.38867574,278.49660000,0.04638813
43.40915574,278.49660000,0.04638813
43.42963574,282.96760000,0.04638813
43.45011574,282.96760000,0.00137333
43.47059574,282.96760000,0.04638813
43.49107574,287.45390000,0.00137333
43.51155574,287.45390000,0.00137333
43.53203574,287.45390000,0.00137333
43.55251574,287.45390000,0.00137333
43.57299574,287.45390000,0.00137333
43.59347574,287.45390000,0.00137333
43.61395574,291.94010000,0.00137333
43.63443573,291.94010000,0.00137333
43.65491573,291.94010000,0.00137333
43.67539573,291.94010000,0.00137333
43.69587573,296.41100000,0.00137333
43.71635573,296.41100000,0.00137333
43.73683573,291.94010000,0.00137333
43.75731573,296.41100000,0.00137333
43.77779573,296.41100000,0.00137333
43.79827573,296.41100000,0.00137333
43.81875573,296.41100000,0.00137333
43.83923573,296.41100000,0.00137333
43.85971573,296.41100000,0.00137333
43.88019573,296.41100000,0.00137333
43.90067573,300.89720000,0.00137333
43.92115573,296.41100000,0.00137333
43.94163573,300.89720000,0.00137333
43.96211573,300.89720000,0.00137333
43.98259573,300.89720000,0.00137333
44.00307573,305.38350000,0.00137333
44.02355573,305.38350000,0.00137333
44.04403573,305.38350000,0.04638813
44.06451573,300.89720000,0.09140294
44.08499573,305.38350000,0.27130960
44.10547573,305.38350000,0.36118660
44.12595573,305.38350000,0.54109320
44.14643573,305.38350000,0.72099980
44.16691573,305.38350000,0.90090640
44.18739573,305.38350000,1.08081300
44.20787573,305.38350000,1.26072000
44.22835573,305.38350000,1.44062600
44.24883573,305.38350000,1.53065600
44.26931573,305.38350000,1.71056200
44.28979573,309.85440000,1.80043900
44.31027573,309.85440000,1.89046900
44.33075573,305.38350000,1.93548400
44.35123573,305.38350000,1.98034600
44.37171573,305.38350000,2.02536100
44.39219573,309.85440000,2.07037600
44.41267573,309.85440000,2.07037600
44.43315573,309.85440000,2.11539100
44.45363573,309.85440000,2.07037600
44.47411573,309.85440000,2.07037600
44.49459573,305.38350000,2.07037600
44.51507573,309.85440000,2.02536100
44.53555573,309.85440000,1.98034600
44.55603573,309.85440000,1.98034600
44.57651573,309.85440000,1.93548400
44.59699573,309.85440000,1.84545400
44.61747573,309.85440000,1.84545400
44.63795573,309.85440000,1.80043900
44.65843573,309.85440000,1.75557700
44.67891573,309.85440000,1.71056200
44.69939573,309.85440000,1.66554800
44.71987573,314.34060000,1.62053300
44.74035573,309.85440000,1.62053300
44.76083573,314.34060000,1.53065600
44.78131573,309.85440000,1.48564100
44.80179573,309.85440000,1.44062600
44.82227573,309.85440000,1.39576400
44.84275573,314.34060000,1.39576400
44.86323573,314.34060000,1.35074900
44.88371573,309.85440000,1.30573400
44.90419573,314.34060000,1.30573400
44.92467573,314.34060000,1.26072000
44.94515573,314.34060000,1.26072000
44.96563573,314.34060000,1.21585700
44.98611573,314.34060000,1.21585700
45.00659573,314.34060000,1.21585700
45.02707573,314.34060000,1.17084300
45.04755573,314.34060000,1.17084300
45.06803573,314.34060000,1.17084300
45.08851573,314.34060000,1.17084300
45.10899573,314.34060000,1.12582800
45.12947573,314.34060000,1.12582800
45.14995573,314.34060000,1.08081300
45.17043573,314.34060000,1.03595100
45.19091573,314.34060000,1.03595100
45.21139573,314.34060000,0.99093600
45.23187573,314.34060000,0.99093600
45.25235573,314.34060000,0.90090640
45.27283572,314.34060000,0.90090640
45.29331572,314.34060000,0.85604420
45.31379572,314.34060000,0.81102940
45.33427572,314.34060000,0.81102940
45.35475572,314.34060000,0.76601460
45.37523572,314.34060000,0.72099980
45.39571572,314.34060000,0.72099980
45.41619572,314.34060000,0.67613760
45.43667572,314.34060000,0.63112270
45.45715572,314.34060000,0.58610800
45.47763572,314.34060000,0.54109320
45.49811572,314.34060000,0.54109320
45.51859572,314.34060000,0.45121620
45.53907572,314.34060000,0.40620140
45.55955572,314.34060000,0.36118660
45.58003572,314.34060000,0.31632440
45.60051572,314.34060000,0.31632440
45.62099572,314.34060000,0.22629480
45.64147572,314.34060000,0.22629480
45.66195572,314.34060000,0.22629480
45.68243572,314.34060000,0.18127990
45.70291572,314.34060000,0.13641770
45.72339572,314.34060000,0.09140294
45.74387572,314.34060000,0.04638813
45.76435572,314.34060000,0.04638813
45.78483572,314.34060000,0.00137333
45.80531572,314.34060000,0.00137333
45.82579572,314.34060000,0.00137333
45.84627572,314.34060000,0.00137333
45.86675572,314.34060000,0.00137333
45.88723572,314.34060000,0.00137333
45.90771572,314.34060000,0.00137333
45.92819572,314.34060000,-0.04348888
45.94867572,314.34060000,0.00137333
45.96915572,314.34060000,0.00137333
45.98963572,314.34060000,0.00137333
46.01011572,309.85440000,0.00137333
46.03059572,309.85440000,0.00137333
46.05107572,309.85440000,0.00137333
46.07155572,314.34060000,-0.04348888
46.09203572,309.85440000,0.00137333
46.11251572,309.85440000,0.00137333
46.13299572,309.85440000,0.00137333
46.15347572,309.85440000,0.00137333
46.17395572,309.85440000,0.00137333
46.19443572,305.38350000,0.00137333
46.21491572,305.38350000,0.00137333
46.23539572,305.38350000,0.00137333
46.25587572,305.38350000,0.00137333
46.27635572,305.38350000,-0.04348888
46.29683572,305.38350000,-0.04348888
46.31731572,300.89720000,-0.04348888
46.33779572,300.89720000,-0.04348888
46.35827572,296.41100000,-0.04348888
46.37875572,296.41100000,0.00137333
46.39923572,296.41100000,0.00137333
46.41971572,296.41100000,0.00137333
46.44019572,296.41100000,-0.04348888
46.46067572,296.41100000,0.00137333
46.48115572,291.94010000,-0.04348888
46.50163572,291.94010000,-0.04348888
46.52211572,287.45390000,-0.04348888
46.54259572,287.45390000,0.00137333
46.56307572,287.45390000,-0.04348888
46.58355572,287.45390000,0.00137333
46.60403572,282.96760000,-0.04348888
46.62451572,282.96760000,-0.04348888
46.64499572,282.96760000,-0.04348888
46.66547572,278.49660000,0.00137333
46.68595572,278.49660000,-0.04348888
46.70643572,278.49660000,0.00137333
46.72691572,274.01040000,-0.04348888
46.74739572,274.01040000,-0.04348888
46.76787572,269.53950000,0.00137333
46.78835572,269.53950000,-0.04348888
46.80883572,269.53950000,-0.04348888
46.82931572,269.53950000,-0.04348888
46.84979572,265.05330000,-0.04348888
46.87027572,265.05330000,-0.04348888
46.89075572,260.56700000,-0.04348888
46.91123572,260.56700000,-0.04348888
46.93171571,260.56700000,-0.04348888
46.95219571,260.56700000,-0.04348888
46.97267571,260.56700000,0.00137333
46.99315571,256.09610000,0.00137333
47.01363571,256.09610000,-0.04348888
47.03411571,256.09610000,-0.04348888
47.05459571,251.60980000,-0.04348888
47.07507571,251.60980000,-0.04348888
47.09555571,251.60980000,0.00137333
47.11603571,251.60980000,0.00137333
47.13651571,247.13890000,-0.04348888
47.15699571,247.13890000,-0.04348888
47.17747571,242.65270000,-0.04348888
47.19795571,242.65270000,-0.04348888
47.21843571,242.65270000,-0.04348888
47.23891571,242.65270000,-0.04348888
47.25939571,238.16650000,0.00137333
47.27987571,242.65270000,0.00137333
47.30035571,238.16650000,-0.04348888
47.32083571,238.16650000,0.00137333
47.34131571,238.16650000,-0.04348888
47.36179571,233.69550000,0.00137333
47.38227571,233.69550000,0.00137333
47.40275571,233.69550000,0.00137333
47.42323571,233.69550000,-0.04348888
47.44371571,229.20930000,0.00137333
47.46419571,229.20930000,-0.04348888
47.48467571,224.73830000,0.00137333
47.50515571,224.73830000,-0.04348888
47.52563571,224.73830000,0.00137333
47.54611571,224.73830000,0.00137333
47.56659571,224.73830000,0.00137333
47.58707571,224.73830000,0.00137333
47.60755571,220.25210000,-0.04348888
47.62803571,220.25210000,-0.04348888
47.64851571,215.76590000,0.00137333
47.66899571,215.76590000,0.00137333
47.68947571,215.76590000,-0.04348888
47.70995571,211.29490000,0.00137333
47.73043571,211.29490000,-0.04348888
47.75091571,206.80870000,-0.04348888
47.77139571,206.80870000,0.00137333
47.79187571,206.80870000,0.00137333
47.81235571,206.80870000,0.00137333
47.83283571,202.32250000,0.00137333
47.85331571,202.32250000,-0.04348888
47.87379571,202.32250000,0.00137333
47.89427571,202.32250000,-0.04348888
47.91475571,197.85150000,0.00137333
47.93523571,197.85150000,-0.04348888
47.95571571,197.85150000,-0.04348888
47.97619571,188.89430000,0.00137333
47.99667571,193.36530000,0.00137333
48.01715571,188.89430000,-0.04348888
48.03763571,188.89430000,-0.04348888
48.05811571,184.40810000,0.00137333
48.07859571,184.40810000,0.00137333
48.09907571,184.40810000,0.00137333
48.11955571,184.40810000,0.00137333
48.14003571,179.92190000,-0.04348888
48.16051571,179.92190000,-0.04348888
48.18099571,175.45090000,0.00137333
48.20147571,175.45090000,0.00137333
48.22195571,170.96470000,0.00137333
48.24243571,170.96470000,0.00137333
48.26291571,166.49370000,-0.04348888
48.28339571,166.49370000,-0.04348888
48.30387571,166.49370000,-0.04348888
48.32435571,162.00750000,0.00137333
48.34483571,162.00750000,-0.04348888
48.36531571,162.00750000,0.00137333
48.38579571,157.52130000,-0.04348888
48.40627571,153.05030000,-0.04348888
48.42675571,153.05030000,-0.04348888
48.44723571,153.05030000,-0.04348888
48.46771571,153.05030000,-0.04348888
48.48819571,153.05030000,0.00137333
48.50867571,148.56410000,0.00137333
48.52915571,148.56410000,-0.04348888
48.54963571,144.09310000,-0.04348888
48.57011570,144.09310000,-0.04348888
48.59059570,144.09310000,0.00137333
48.61107570,135.12070000,-0.04348888
48.63155570,139.60690000,-0.04348888
48.65203570,135.12070000,-0.04348888
48.67251570,130.64970000,-0.04348888
48.69299570,135.12070000,-0.04348888
48.71347570,126.16350000,-0.04348888
48.73395570,126.16350000,-0.04348888
48.75443570,126.16350000,-0.04348888
48.77491570,121.69260000,-0.04348888
48.79539570,117.20630000,0.00137333
48.81587570,117.20630000,0.00137333
48.83635570,117.20630000,0.00137333
48.85683570,117.20630000,-0.04348888
48.87731570,112.72010000,-0.04348888
48.89779570,112.72010000,-0.04348888
48.91827570,108.24920000,-0.04348888
48.93875570,108.24920000,-0.04348888
48.95923570,103.76290000,-0.04348888
48.97971570,99.27671000,-0.04348888
49.00019570,99.27671000,-0.04348888
49.02067570,99.27671000,-0.04348888
49.04115570,94.80575000,-0.04348888
49.06163570,94.80575000,-0.04348888
49.08211570,90.31953000,-0.04348888
49.10259570,90.31953000,-0.04348888
49.12307570,90.31953000,-0.04348888
49.14355570,90.31953000,-0.04348888
49.16403570,85.84857000,-0.04348888
49.18451570,81.36235000,-0.04348888
49.20499570,81.36235000,-0.04348888
49.22547570,81.36235000,-0.04348888
49.24595570,81.36235000,-0.04348888
49.26643570,76.87613000,-0.04348888
49.28691570,72.40517000,-0.04348888
49.30739570,72.40517000,-0.04348888
49.32787570,72.40517000,-0.04348888
49.34835570,72.40517000,-0.04348888
49.36883570,67.91895000,-0.04348888
49.38931570,63.44798000,-0.04348888
49.40979570,63.44798000,-0.04348888
49.43027570,63.44798000,-0.04348888
49.45075570,58.96176000,-0.04348888
49.47123570,58.96176000,-0.04348888
49.49171570,54.47554000,-0.04348888
49.51219570,54.47554000,0.00137333
49.53267570,54.47554000,-0.04348888
49.55315570,50.00458000,-0.04348888
49.57363570,45.51836000,-0.04348888
49.59411570,45.51836000,-0.04348888
49.61459570,45.51836000,-0.04348888
49.63507570,41.04739000,-0.04348888
49.65555570,36.56117000,0.00137333
49.67603570,36.56117000,-0.04348888
49.69651570,36.56117000,-0.04348888
49.71699570,32.07495000,-0.04348888
49.73747570,27.60399000,-0.04348888
49.75795570,27.60399000,-0.04348888
49.77843570,27.60399000,-0.04348888
49.79891570,23.11777000,-0.04348888
49.81939570,18.64681000,-0.04348888
49.83987570,18.64681000,0.00137333
49.86035570,18.64681000,0.00137333
49.88083570,14.17585000,-0.04348888
49.90131570,14.17585000,0.00137333
49.92179570,9.68962700,-0.04348888
49.94227570,9.68962700,-0.04348888
49.96275570,9.68962700,-0.04348888
49.98323570,5.21866500,-0.04348888
50.00371570,0.73244420,0.00137333
50.02419570,0.73244420,0.00137333
